# Created by Octave 4.2.2, Wed Jan 26 11:34:05 2022 CET <ejbuis@PC-16650.tsn.tno.nl>
# name: tp
# type: matrix
# rows: 2048
# columns: 2
 -0.007111111111111111 0
 -0.007104166666666667 1.694065894508601e-15
 -0.007097222222222223 0
 -0.007090277777777778 0
 -0.007083333333333333 -8.470329472543003e-16
 -0.007076388888888889 0
 -0.007069444444444444 0
 -0.0070625 -1.270549420881451e-15
 -0.007055555555555555 0
 -0.007048611111111111 -4.235164736271502e-16
 -0.007041666666666667 4.235164736271502e-16
 -0.007034722222222223 4.235164736271502e-16
 -0.007027777777777778 1.270549420881451e-15
 -0.007020833333333333 1.270549420881451e-15
 -0.007013888888888889 2.117582368135751e-15
 -0.007006944444444444 8.470329472543003e-16
 -0.007 8.470329472543003e-16
 -0.006993055555555555 -4.235164736271502e-16
 -0.006986111111111111 -4.235164736271502e-16
 -0.006979166666666667 -1.270549420881451e-15
 -0.006972222222222223 -1.058791184067875e-15
 -0.006965277777777778 -4.235164736271502e-16
 -0.006958333333333334 -6.352747104407253e-16
 -0.006951388888888889 2.117582368135751e-16
 -0.006944444444444444 -2.117582368135751e-16
 -0.0069375 6.352747104407253e-16
 -0.006930555555555555 0
 -0.006923611111111111 -2.117582368135751e-16
 -0.006916666666666666 -4.235164736271502e-16
 -0.006909722222222222 -2.117582368135751e-16
 -0.006902777777777778 2.117582368135751e-16
 -0.006895833333333334 4.235164736271502e-16
 -0.006888888888888889 8.470329472543003e-16
 -0.006881944444444445 2.117582368135751e-16
 -0.006875 8.470329472543003e-16
 -0.006868055555555555 2.117582368135751e-16
 -0.006861111111111111 -8.470329472543003e-16
 -0.006854166666666666 -6.352747104407253e-16
 -0.006847222222222222 -1.058791184067875e-15
 -0.006840277777777778 -4.235164736271502e-16
 -0.006833333333333334 5.293955920339377e-16
 -0.006826388888888889 9.529120656610879e-16
 -0.006819444444444445 1.270549420881451e-15
 -0.0068125 1.799945012915388e-15
 -0.006805555555555555 1.270549420881451e-15
 -0.006798611111111111 1.694065894508601e-15
 -0.006791666666666666 1.799945012915388e-15
 -0.006784722222222222 6.352747104407253e-16
 -0.006777777777777778 -2.117582368135751e-16
 -0.006770833333333334 -4.235164736271502e-16
 -0.006763888888888889 -5.293955920339377e-16
 -0.006756944444444445 -7.411538288475128e-16
 -0.00675 -9.529120656610879e-16
 -0.006743055555555556 -8.470329472543003e-16
 -0.006736111111111111 -9.529120656610879e-16
 -0.006729166666666666 -5.293955920339377e-16
 -0.006722222222222222 2.117582368135751e-16
 -0.006715277777777777 -5.293955920339377e-17
 -0.006708333333333334 -1.058791184067875e-16
 -0.006701388888888889 -3.176373552203626e-16
 -0.006694444444444445 -1.588186776101813e-16
 -0.0066875 -9.529120656610879e-16
 -0.006680555555555556 0
 -0.006673611111111111 -1.058791184067875e-16
 -0.006666666666666667 -4.433688083284228e-16
 -0.006659722222222222 -1.588186776101813e-16
 -0.006652777777777777 -1.852884572118782e-16
 -0.006645833333333333 -6.749793798432706e-16
 -0.006638888888888889 -3.970466940254533e-16
 -0.006631944444444445 -1.455837878093329e-15
 -0.006625 -1.005851624864482e-15
 -0.006618055555555556 -7.411538288475128e-16
 -0.006611111111111111 -2.38228016415272e-16
 -0.006604166666666667 -7.940933880509066e-17
 -0.006597222222222222 7.411538288475128e-16
 -0.006590277777777777 7.411538288475128e-16
 -0.006583333333333333 3.176373552203626e-16
 -0.006576388888888889 0
 -0.006569444444444445 -6.352747104407253e-16
 -0.0065625 -8.470329472543003e-16
 -0.006555555555555556 -5.823351512373315e-16
 -0.006548611111111111 -4.235164736271502e-16
 -0.006541666666666667 0
 -0.006534722222222222 -3.176373552203626e-16
 -0.006527777777777778 1.058791184067875e-16
 -0.006520833333333333 -3.176373552203626e-16
 -0.006513888888888889 2.117582368135751e-16
 -0.006506944444444445 3.176373552203626e-16
 -0.0065 -1.058791184067875e-16
 -0.006493055555555556 8.470329472543003e-16
 -0.006486111111111111 0
 -0.006479166666666667 0
 -0.006472222222222222 -6.352747104407253e-16
 -0.006465277777777778 -1.058791184067875e-15
 -0.006458333333333333 -4.235164736271502e-16
 -0.006451388888888889 4.235164736271502e-16
 -0.006444444444444444 4.235164736271502e-16
 -0.0064375 0
 -0.006430555555555556 4.235164736271502e-16
 -0.006423611111111111 0
 -0.006416666666666667 -8.470329472543003e-16
 -0.006409722222222222 8.470329472543003e-16
 -0.006402777777777778 -8.470329472543003e-16
 -0.006395833333333333 0
 -0.006388888888888889 -8.470329472543003e-16
 -0.006381944444444444 0
 -0.006375 0
 -0.006368055555555556 0
 -0.006361111111111111 1.694065894508601e-15
 -0.006354166666666667 0
 -0.006347222222222222 3.388131789017201e-15
 -0.006340277777777778 -8.470329472543003e-16
 -0.006333333333333333 -8.470329472543003e-16
 -0.006326388888888889 -9.132073962585426e-16
 -0.006319444444444444 -1.270549420881451e-15
 -0.0063125 0
 -0.006305555555555556 -1.694065894508601e-15
 -0.006298611111111111 -8.470329472543003e-16
 -0.006291666666666667 0
 -0.006284722222222222 8.470329472543003e-16
 -0.006277777777777778 -1.694065894508601e-15
 -0.006270833333333333 0
 -0.006263888888888889 8.470329472543003e-16
 -0.006256944444444444 -8.470329472543003e-16
 -0.00625 -8.470329472543003e-16
 -0.006243055555555556 -8.470329472543003e-16
 -0.006236111111111112 4.235164736271502e-16
 -0.006229166666666667 8.470329472543003e-16
 -0.006222222222222222 3.540333021726958e-16
 -0.006215277777777778 4.069728613760896e-16
 -0.006208333333333333 2.911675756186657e-16
 -0.006201388888888889 -4.566036981292713e-16
 -0.006194444444444444 -2.895132143935597e-16
 -0.0061875 -6.518183226917858e-16
 -0.006180555555555555 -1.044729113654474e-15
 -0.006173611111111111 -8.342116477597284e-16
 -0.006166666666666667 -6.407547819988891e-16
 -0.006159722222222222 -5.08716076720112e-16
 -0.006152777777777778 -3.565148440103549e-16
 -0.006145833333333333 -9.512577044359818e-17
 -0.006138888888888889 3.920836103501351e-16
 -0.006131944444444444 -1.819797347616661e-17
 -0.006125 -4.632211430296955e-17
 -0.006118055555555555 -2.911675756186657e-16
 -0.006111111111111111 -7.940933880509066e-16
 -0.006104166666666667 -8.66885281955573e-16
 -0.006097222222222223 -7.593518023236794e-16
 -0.006090277777777778 -2.150669592637872e-16
 -0.006083333333333333 -1.538555939348631e-16
 -0.006076388888888889 1.720535674110298e-16
 -0.006069444444444444 4.301339185275744e-16
 -0.0060625 1.022395237115542e-15
 -0.006055555555555555 6.782881022934827e-16
 -0.006048611111111111 2.051407919131509e-16
 -0.006041666666666667 1.919059021123024e-16
 -0.006034722222222223 -1.124965633072118e-16
 -0.006027777777777778 -6.485096002415737e-16
 -0.006020833333333334 -4.764560328305439e-16
 -0.006013888888888889 -4.896909226313924e-16
 -0.006006944444444444 -5.955700410381799e-17
 -0.006 -1.852884572118782e-16
 -0.005993055555555555 3.970466940254533e-16
 -0.005986111111111111 5.624828165360588e-16
 -0.005979166666666666 5.624828165360588e-16
 -0.005972222222222223 2.9778502051909e-16
 -0.005965277777777778 8.735027268559972e-16
 -0.005958333333333334 1.19114008207636e-16
 -0.005951388888888889 -1.919059021123024e-16
 -0.005944444444444444 2.580803511165446e-16
 -0.0059375 -1.052173739167451e-15
 -0.005930555555555555 -1.270549420881451e-15
 -0.005923611111111111 -1.138200522872966e-15
 -0.005916666666666666 -3.441071348220595e-16
 -0.005909722222222222 -7.014491594449675e-16
 -0.005902777777777778 -6.617444900424221e-16
 -0.005895833333333334 -1.032321404466179e-15
 -0.005888888888888889 -6.617444900424221e-16
 -0.005881944444444445 -2.514629062161204e-16
 -0.005875 4.764560328305439e-16
 -0.005868055555555555 3.176373552203626e-16
 -0.005861111111111111 8.999725064576941e-16
 -0.005854166666666666 1.588186776101813e-15
 -0.005847222222222222 1.217609861678057e-15
 -0.005840277777777778 1.879354351720479e-15
 -0.005833333333333334 1.376428539288238e-15
 -0.005826388888888889 9.26442286059391e-16
 -0.005819444444444445 3.970466940254533e-16
 -0.0058125 2.117582368135751e-16
 -0.005805555555555555 3.705769144237564e-16
 -0.005798611111111111 1.138200522872966e-15
 -0.005791666666666666 7.940933880509066e-16
 -0.005784722222222222 4.235164736271502e-16
 -0.005777777777777778 1.373119816838026e-16
 -0.005770833333333334 -2.547716286663325e-16
 -0.005763888888888889 -3.722312756488625e-16
 -0.005756944444444445 -2.481541837659083e-17
 -0.00575 -5.062345348824529e-16
 -0.005743055555555556 -9.678013166870424e-16
 -0.005736111111111111 -4.466775307786349e-16
 -0.005729166666666666 -8.07328277851755e-16
 -0.005722222222222222 -7.080666043453917e-16
 -0.005715277777777777 -1.093532769795103e-15
 -0.005708333333333333 -9.760731228125727e-16
 -0.005701388888888889 -5.98878763488392e-16
 -0.005694444444444445 -1.330106424985269e-15
 -0.0056875 -5.145063410079832e-16
 -0.005680555555555556 -4.822462971184151e-16
 -0.005673611111111111 -2.374008358027189e-16
 -0.005666666666666667 -3.722312756488625e-18
 -0.005659722222222222 -1.042247571816815e-16
 -0.005652777777777777 5.161607022330893e-16
 -0.005645833333333333 -3.044024654195142e-16
 -0.005638888888888889 1.703992061859237e-16
 -0.005631944444444445 1.555099551599692e-16
 -0.005625 1.629545806729465e-16
 -0.005618055555555556 8.892191584945048e-17
 -0.005611111111111111 1.267137300854669e-16
 -0.005604166666666667 2.669725427014897e-16
 -0.005597222222222222 3.953923328003472e-16
 -0.005590277777777777 1.159707218799345e-15
 -0.005583333333333333 7.874759431504823e-16
 -0.005576388888888889 9.446402595355576e-16
 -0.005569444444444445 8.05673916626649e-16
 -0.0055625 1.20768369432742e-15
 -0.005555555555555556 1.052173739167451e-15
 -0.005548611111111111 1.267240698431238e-15
 -0.005541666666666667 2.167213204888933e-16
 -0.005534722222222222 -5.111976185577711e-16
 -0.005527777777777778 -3.341809674714232e-16
 -0.005520833333333333 -1.020740875890436e-15
 -0.005513888888888888 -1.955454968075357e-15
 -0.005506944444444445 -1.439294265842268e-15
 -0.0055 -1.747005453711994e-15
 -0.005493055555555556 -4.632211430296955e-16
 -0.005486111111111111 -6.749793798432706e-16
 -0.005479166666666667 -2.134125980386811e-15
 -0.005472222222222222 -2.637051792819052e-15
 -0.005465277777777778 -1.351613120911647e-15
 -0.005458333333333333 -2.380625802927614e-15
 -0.005451388888888889 -1.369811094387814e-15
 -0.005444444444444444 -1.210992416777633e-15
 -0.0054375 -8.337980574534519e-16
 -0.005430555555555556 3.176373552203626e-16
 -0.005423611111111111 6.485096002415737e-16
 -0.005416666666666667 7.213014941462401e-16
 -0.005409722222222222 9.727644003623605e-16
 -0.005402777777777778 2.024938139529812e-15
 -0.005395833333333333 1.105113298370845e-15
 -0.005388888888888889 1.009160347314694e-15
 -0.005381944444444444 7.47771273747937e-16
 -0.005375 -7.014491594449675e-16
 -0.005368055555555556 -1.919059021123024e-16
 -0.005361111111111111 7.444625512977249e-16
 -0.005354166666666667 1.345326548256244e-14
 -0.005347222222222222 1.321966967757747e-13
 -0.005340277777777778 1.157010610002422e-12
 -0.005333333333333333 8.987654328090684e-12
 -0.005326388888888889 6.209587545158886e-11
 -0.005319444444444444 3.817649753705493e-10
 -0.0053125 2.089529087736122e-09
 -0.005305555555555556 1.018745293315511e-08
 -0.005298611111111111 4.427546676855861e-08
 -0.005291666666666667 1.717007040590534e-07
 -0.005284722222222222 5.949939851481485e-07
 -0.005277777777777778 1.846324523420734e-06
 -0.005270833333333333 5.146974900658912e-06
 -0.005263888888888889 1.295186264107867e-05
 -0.005256944444444444 2.962652228372411e-05
 -0.00525 6.219295350786585e-05
 -0.005243055555555555 0.0001212332019383621
 -0.005236111111111112 0.000222147008808307
 -0.005229166666666667 0.0003862998877330588
 -0.005222222222222222 0.0006396586031129329
 -0.005215277777777778 0.001004686665287807
 -0.005208333333333333 0.001483306573828944
 -0.005201388888888889 0.002037063873804603
 -0.005194444444444444 0.002580491475464576
 -0.0051875 0.003003234149457252
 -0.005180555555555555 0.003218252183644311
 -0.005173611111111111 0.003207592352511607
 -0.005166666666666667 0.003028649672021928
 -0.005159722222222222 0.002768475319682991
 -0.005152777777777778 0.002476833776201241
 -0.005145833333333333 0.002132544546803831
 -0.005138888888888889 0.001676052249308064
 -0.005131944444444444 0.001087905806387536
 -0.005125 0.0004520254743194199
 -0.005118055555555555 -5.075895390119099e-05
 -0.005111111111111111 -0.0002243029350098857
 -0.005104166666666667 3.417955720305304e-05
 -0.005097222222222223 0.0006660797582068242
 -0.005090277777777778 0.001466827622622755
 -0.005083333333333333 0.002177407030304068
 -0.005076388888888889 0.002601454483787522
 -0.005069444444444444 0.002686023896405737
 -0.0050625 0.002527692256601387
 -0.005055555555555555 0.002307561371196416
 -0.005048611111111111 0.002195057868506613
 -0.005041666666666667 0.00227324544933319
 -0.005034722222222223 0.002521573711878838
 -0.005027777777777778 0.002854410700325265
 -0.005020833333333334 0.003178640660946923
 -0.005013888888888889 0.003426640736905342
 -0.005006944444444444 0.003548548002167367
 -0.005 0.003487514529272733
 -0.004993055555555555 0.003178754593571288
 -0.004986111111111111 0.002590348569113019
 -0.004979166666666666 0.001778713354896222
 -0.004972222222222222 0.0009053226526779856
 -0.004965277777777778 0.0001826759566352516
 -0.004958333333333334 -0.000226407489147669
 -0.004951388888888889 -0.0002895278505077107
 -0.004944444444444444 -0.0001089934002536284
 -0.0049375 0.000151716599733916
 -0.004930555555555555 0.0003667265584003183
 -0.004923611111111111 0.0005070994787014102
 -0.004916666666666666 0.0006297275108411016
 -0.004909722222222222 0.0008155513208342259
 -0.004902777777777778 0.001107625295067399
 -0.004895833333333334 0.001488808623143844
 -0.004888888888888889 0.001897918960704896
 -0.004881944444444445 0.00225211876241368
 -0.004875 0.002454591997668566
 -0.004868055555555555 0.00240511315355655
 -0.004861111111111111 0.002044568666641644
 -0.004854166666666666 0.001425547313319157
 -0.004847222222222222 0.0007487542095049595
 -0.004840277777777778 0.0003058207623570873
 -0.004833333333333334 0.0003382094593876509
 -0.004826388888888889 0.0008985346220188576
 -0.004819444444444445 0.00181001232394952
 -0.0048125 0.002751233226981762
 -0.004805555555555556 0.003408060141778226
 -0.004798611111111111 0.003600525560227332
 -0.004791666666666666 0.003324936942045413
 -0.004784722222222222 0.002712372630945375
 -0.004777777777777777 0.001948769443902189
 -0.004770833333333334 0.001208080871727757
 -0.004763888888888889 0.0006240773923277133
 -0.004756944444444445 0.0002902005466319297
 -0.00475 0.0002584641901715182
 -0.004743055555555556 0.0005229883092110833
 -0.004736111111111111 0.001005436030128632
 -0.004729166666666666 0.001571583077957681
 -0.004722222222222222 0.002082221089793388
 -0.004715277777777777 0.002443179466273938
 -0.004708333333333333 0.002613855424394084
 -0.004701388888888889 0.002574506466381185
 -0.004694444444444445 0.002299134213946031
 -0.0046875 0.001778264108928842
 -0.004680555555555556 0.001078704142064562
 -0.004673611111111111 0.0003735756393017504
 -0.004666666666666667 -0.0001117973920588787
 -0.004659722222222222 -0.0002174926066051779
 -0.004652777777777777 5.800560489441727e-05
 -0.004645833333333333 0.0005697708845916424
 -0.004638888888888889 0.001141544085450811
 -0.004631944444444445 0.001693727157540552
 -0.004625 0.002276544621988188
 -0.004618055555555556 0.002975398159803173
 -0.004611111111111111 0.003765178881101021
 -0.004604166666666667 0.004441393356646907
 -0.004597222222222222 0.004699426294255668
 -0.004590277777777778 0.004314184138369137
 -0.004583333333333333 0.003292232143472515
 -0.004576388888888889 0.001891614097984267
 -0.004569444444444445 0.0005031801421828979
 -0.0045625 -0.0005226055396157072
 -0.004555555555555556 -0.001000457125224693
 -0.004548611111111111 -0.0009354983693576698
 -0.004541666666666667 -0.0004707402692711874
 -0.004534722222222222 0.0001845397686402452
 -0.004527777777777778 0.0008084246321611042
 -0.004520833333333333 0.001210846693695998
 -0.004513888888888888 0.001289397754599177
 -0.004506944444444444 0.001079757758702642
 -0.0045 0.0007511550418209888
 -0.004493055555555556 0.0005228967555043172
 -0.004486111111111111 0.0005442132633412892
 -0.004479166666666667 0.0008170310909652314
 -0.004472222222222222 0.001212510751202559
 -0.004465277777777778 0.001566066715138506
 -0.004458333333333333 0.001784774018672278
 -0.004451388888888889 0.001895791029927309
 -0.004444444444444444 0.002004797886168182
 -0.0044375 0.002195354216981795
 -0.004430555555555556 0.002442318715469454
 -0.004423611111111111 0.002603099139962623
 -0.004416666666666667 0.002497383752109977
 -0.004409722222222222 0.002029529541127477
 -0.004402777777777778 0.001281827280024491
 -0.004395833333333333 0.0005187413721054168
 -0.004388888888888889 8.468326152842897e-05
 -0.004381944444444444 0.0002369885922578248
 -0.004375 0.00100244826887122
 -0.004368055555555556 0.002143127449900083
 -0.004361111111111111 0.003255418457568417
 -0.004354166666666667 0.003944272660990563
 -0.004347222222222222 0.003973406232879785
 -0.004340277777777778 0.003321908403930824
 -0.004333333333333333 0.002150203648841191
 -0.004326388888888889 0.0007318148850789159
 -0.004319444444444444 -0.0006011890028771436
 -0.0043125 -0.001505469716112163
 -0.004305555555555556 -0.001706334775798837
 -0.004298611111111111 -0.001112284436772549
 -0.004291666666666667 0.0001097185353363458
 -0.004284722222222222 0.001587416418368399
 -0.004277777777777778 0.002919884379186772
 -0.004270833333333333 0.003852375517002919
 -0.004263888888888889 0.00431627235511791
 -0.004256944444444444 0.0043321352499773
 -0.00425 0.003909232517936939
 -0.004243055555555555 0.003064860909733344
 -0.004236111111111112 0.001938656470715599
 -0.004229166666666667 0.0008504577728851466
 -0.004222222222222222 0.0001852454406074669
 -0.004215277777777778 0.0001596317647530933
 -0.004208333333333333 0.0006633118580169145
 -0.004201388888888889 0.001328520928178567
 -0.004194444444444444 0.001784514046583877
 -0.0041875 0.001887556242122925
 -0.004180555555555555 0.00174663167413062
 -0.004173611111111111 0.001560590962525764
 -0.004166666666666667 0.001442495357120317
 -0.004159722222222223 0.00137902572789034
 -0.004152777777777778 0.001314990000489316
 -0.004145833333333333 0.00124633531317424
 -0.004138888888888889 0.001237673958540212
 -0.004131944444444444 0.001374376514990586
 -0.004125 0.001703712509514194
 -0.004118055555555555 0.002201081663687792
 -0.004111111111111111 0.002770582142644833
 -0.004104166666666667 0.003277799188431234
 -0.004097222222222223 0.003600164755656646
 -0.004090277777777778 0.003667117030610159
 -0.004083333333333333 0.003471085383257788
 -0.004076388888888889 0.003057400341779227
 -0.004069444444444444 0.002513619768157289
 -0.0040625 0.001964168755282878
 -0.004055555555555555 0.001558313694011079
 -0.004048611111111111 0.001438392410412853
 -0.004041666666666666 0.00168607014508179
 -0.004034722222222223 0.002260540587178444
 -0.004027777777777778 0.002964423031727911
 -0.004020833333333334 0.003483491877126469
 -0.004013888888888889 0.003514046542003892
 -0.004006944444444444 0.00292218432530574
 -0.004 0.001834116399659601
 -0.003993055555555555 0.0005904857975397407
 -0.003986111111111111 -0.0004117106633328762
 -0.003979166666666666 -0.0008957556452968505
 -0.003972222222222222 -0.0008060685195244497
 -0.003965277777777778 -0.0002929454020902412
 -0.003958333333333334 0.0003941822322451268
 -0.003951388888888889 0.001036145097686298
 -0.003944444444444445 0.00152153955159889
 -0.0039375 0.001837149387060245
 -0.003930555555555555 0.002001396711455322
 -0.003923611111111111 0.002014630672586945
 -0.003916666666666666 0.001880769568097438
 -0.003909722222222222 0.001681142797458973
 -0.003902777777777778 0.001615569468440333
 -0.003895833333333333 0.001933068046035033
 -0.003888888888888889 0.002761011911543129
 -0.003881944444444444 0.003941333779072059
 -0.003875 0.005012037605198219
 -0.003868055555555556 0.005398264306167693
 -0.003861111111111111 0.004739146673155798
 -0.003854166666666667 0.003161288995088427
 -0.003847222222222222 0.001302303906024816
 -0.003840277777777778 1.903500316842231e-05
 -0.003833333333333333 -7.898599857993512e-05
 -0.003826388888888889 0.001010040618847214
 -0.003819444444444444 0.002661694159929948
 -0.0038125 0.003966725618797769
 -0.003805555555555556 0.004217693300302419
 -0.003798611111111111 0.003255091482448286
 -0.003791666666666667 0.001512441888507709
 -0.003784722222222222 -0.000208337311529456
 -0.003777777777777778 -0.00109010072354871
 -0.003770833333333334 -0.0006367554504466875
 -0.003763888888888889 0.001123282226928114
 -0.003756944444444444 0.003649748653097761
 -0.00375 0.006125365851433585
 -0.003743055555555555 0.007796820021089594
 -0.003736111111111111 0.008237815703528561
 -0.003729166666666667 0.007418822749494468
 -0.003722222222222222 0.005614870891275535
 -0.003715277777777778 0.003266525663750631
 -0.003708333333333333 0.0008724107453684938
 -0.003701388888888889 -0.00109182212911446
 -0.003694444444444445 -0.002266071263719494
 -0.0036875 -0.002510404433189084
 -0.003680555555555555 -0.001965394409237488
 -0.003673611111111111 -0.0009988429657605004
 -0.003666666666666667 -2.881931109544018e-05
 -0.003659722222222222 0.0006891042678182832
 -0.003652777777777778 0.001170581259338135
 -0.003645833333333333 0.001626509467786476
 -0.003638888888888889 0.00226043214084538
 -0.003631944444444445 0.003098325309249486
 -0.003625 0.00397752711632133
 -0.003618055555555555 0.004682621418641367
 -0.003611111111111111 0.005098485538476231
 -0.003604166666666667 0.005256432195206217
 -0.003597222222222222 0.005256125708561174
 -0.003590277777777778 0.005145396793616341
 -0.003583333333333333 0.004855928804667857
 -0.003576388888888889 0.004237708708147854
 -0.003569444444444445 0.003167121633523344
 -0.0035625 0.00166411641836268
 -0.003555555555555556 -4.801891910016537e-05
 -0.003548611111111111 -0.001579693565432165
 -0.003541666666666666 -0.00250467208968355
 -0.003534722222222222 -0.002531056432190289
 -0.003527777777777778 -0.001631060806799586
 -0.003520833333333333 -5.646128754764005e-05
 -0.003513888888888889 0.001774496305654737
 -0.003506944444444444 0.003454285942683442
 -0.0035 0.004721237586040079
 -0.003493055555555556 0.005480050046060927
 -0.003486111111111111 0.005725522941642329
 -0.003479166666666667 0.005464464884298834
 -0.003472222222222222 0.004724038649605484
 -0.003465277777777778 0.003638447822877294
 -0.003458333333333333 0.002502073956438732
 -0.003451388888888889 0.001676905802439325
 -0.003444444444444444 0.001373367426735215
 -0.0034375 0.001475797427503952
 -0.003430555555555556 0.001594240179532224
 -0.003423611111111111 0.001348170569304374
 -0.003416666666666667 0.0006720259059458447
 -0.003409722222222222 -0.0001120963705561377
 -0.003402777777777778 -0.0005214618958060836
 -0.003395833333333333 -0.0002506031050206068
 -0.003388888888888889 0.0006548598371676071
 -0.003381944444444444 0.001900687382009564
 -0.003375 0.003182860070826107
 -0.003368055555555556 0.004325836180136878
 -0.003361111111111111 0.005227578642149756
 -0.003354166666666667 0.005742368477317205
 -0.003347222222222222 0.005692941066113053
 -0.003340277777777778 0.005038919200029709
 -0.003333333333333334 0.004025771934753045
 -0.003326388888888889 0.00312446025724422
 -0.003319444444444444 0.002764604399073794
 -0.0033125 0.003064374255206038
 -0.003305555555555556 0.003772214330247291
 -0.003298611111111111 0.004455531280234408
 -0.003291666666666667 0.004770065333781823
 -0.003284722222222222 0.004597333377348216
 -0.003277777777777778 0.003978415558728668
 -0.003270833333333333 0.002966827495364704
 -0.003263888888888889 0.001588842854788577
 -0.003256944444444444 -2.887982073950033e-05
 -0.00325 -0.001505260015154296
 -0.003243055555555555 -0.002235427225975957
 -0.003236111111111111 -0.001671011700087292
 -0.003229166666666667 0.0003196309180698948
 -0.003222222222222222 0.003280745063893194
 -0.003215277777777778 0.006326104225155257
 -0.003208333333333333 0.008523227160127468
 -0.003201388888888889 0.009267896464819316
 -0.003194444444444445 0.008464924333742541
 -0.0031875 0.006486545955175007
 -0.003180555555555555 0.003994611108415051
 -0.003173611111111111 0.001723906025495585
 -0.003166666666666667 0.0002768897159705773
 -0.003159722222222222 -4.520552439976581e-05
 -0.003152777777777778 0.0006693562645838687
 -0.003145833333333333 0.001989220285177977
 -0.003138888888888889 0.003320747110136931
 -0.003131944444444445 0.004136613599149435
 -0.003125 0.004140586437495909
 -0.003118055555555556 0.003324088532753944
 -0.003111111111111111 0.001945837008037936
 -0.003104166666666667 0.0004629095156950216
 -0.003097222222222222 -0.000603577638820583
 -0.003090277777777778 -0.0008661606690707053
 -0.003083333333333333 -0.0002399577175654158
 -0.003076388888888889 0.001046483345718319
 -0.003069444444444445 0.0026242893312978
 -0.0030625 0.004208550892689079
 -0.003055555555555556 0.005696335683526327
 -0.003048611111111111 0.007081982071581283
 -0.003041666666666666 0.008296528248028283
 -0.003034722222222222 0.009128822526461971
 -0.003027777777777778 0.009297205868993054
 -0.003020833333333333 0.008614370736128911
 -0.003013888888888889 0.007129654975533742
 -0.003006944444444444 0.005162684090644691
 -0.003 0.003213538858169428
 -0.002993055555555556 0.00179583433004317
 -0.002986111111111111 0.001263063381819271
 -0.002979166666666667 0.001685839300305848
 -0.002972222222222222 0.00281373097600601
 -0.002965277777777778 0.004145134674322716
 -0.002958333333333333 0.005116773111115703
 -0.002951388888888889 0.005368183397007176
 -0.002944444444444444 0.004946349121197039
 -0.0029375 0.004290005446238833
 -0.002930555555555556 0.003954116721855951
 -0.002923611111111111 0.004234981113331322
 -0.002916666666666667 0.004954397811780299
 -0.002909722222222222 0.00555425473600897
 -0.002902777777777778 0.005429692379042199
 -0.002895833333333333 0.004276076982633356
 -0.002888888888888889 0.002248487422754092
 -0.002881944444444444 -0.0001163563669323899
 -0.002875 -0.002121665363653029
 -0.002868055555555556 -0.003142610551560756
 -0.002861111111111111 -0.002792018848953491
 -0.002854166666666667 -0.001009798778324747
 -0.002847222222222222 0.001918235292035476
 -0.002840277777777778 0.005423683763500805
 -0.002833333333333334 0.008804137128765205
 -0.002826388888888889 0.01141036286408902
 -0.002819444444444444 0.01278776018219475
 -0.0028125 0.01272169206271085
 -0.002805555555555555 0.01122302979809519
 -0.002798611111111111 0.008532112524750168
 -0.002791666666666667 0.005152069570232272
 -0.002784722222222222 0.001817213498239921
 -0.002777777777777778 -0.0006964097593864742
 -0.002770833333333333 -0.001868352130686208
 -0.002763888888888889 -0.001649414358703269
 -0.002756944444444444 -0.0004349150282995292
 -0.00275 0.001182305578102804
 -0.002743055555555555 0.002701772250524566
 -0.002736111111111111 0.003883020086897218
 -0.002729166666666667 0.004757419461627721
 -0.002722222222222222 0.005546914041841809
 -0.002715277777777778 0.006542535600887649
 -0.002708333333333333 0.00795237534059412
 -0.002701388888888889 0.009743954796893602
 -0.002694444444444445 0.0115617075661821
 -0.0026875 0.01280318078777426
 -0.002680555555555555 0.01285207839504656
 -0.002673611111111111 0.01136181918919899
 -0.002666666666666667 0.008448498667299371
 -0.002659722222222222 0.004704016504621286
 -0.002652777777777778 0.001028559220662613
 -0.002645833333333333 -0.001649475045411646
 -0.002638888888888889 -0.00267120084259715
 -0.002631944444444445 -0.001871992024495598
 -0.002625 0.0003430730842630488
 -0.002618055555555556 0.0031256862853247
 -0.002611111111111111 0.005506825418728299
 -0.002604166666666667 0.006807134277220499
 -0.002597222222222222 0.006935164212490631
 -0.002590277777777778 0.00638637702634047
 -0.002583333333333333 0.00591393310207606
 -0.002576388888888889 0.006061502340810922
 -0.002569444444444445 0.006860066408664162
 -0.0025625 0.007882099846290132
 -0.002555555555555556 0.008583471535553295
 -0.002548611111111111 0.008660086451698289
 -0.002541666666666666 0.008174183256194942
 -0.002534722222222222 0.007422569667110394
 -0.002527777777777778 0.006715053225880744
 -0.002520833333333333 0.006243261712047109
 -0.002513888888888889 0.006080801428758289
 -0.002506944444444444 0.006227471565479681
 -0.0025 0.006610494771044799
 -0.002493055555555556 0.007058103131890741
 -0.002486111111111111 0.007337897253416282
 -0.002479166666666667 0.00730542321975068
 -0.002472222222222222 0.007072480017819164
 -0.002465277777777778 0.007023300171851826
 -0.002458333333333333 0.007586048838255709
 -0.002451388888888889 0.008863188594650866
 -0.002444444444444444 0.0103819370419818
 -0.0024375 0.01120639050810909
 -0.002430555555555556 0.01043066130057382
 -0.002423611111111111 0.007773643328930824
 -0.002416666666666667 0.003856843381654106
 -0.002409722222222222 -6.336856509304963e-05
 -0.002402777777777778 -0.002729483990945012
 -0.002395833333333333 -0.003434460242303084
 -0.002388888888888889 -0.002167007941812024
 -0.002381944444444444 0.0006009370027784878
 -0.002375 0.004197457594836333
 -0.002368055555555556 0.007905746814355233
 -0.002361111111111111 0.01103250558847231
 -0.002354166666666667 0.01303104949331169
 -0.002347222222222222 0.01369881801976531
 -0.002340277777777778 0.01329969842607276
 -0.002333333333333334 0.01245257190467145
 -0.002326388888888889 0.01180378168641443
 -0.002319444444444444 0.011692370119596
 -0.0023125 0.01203319187620168
 -0.002305555555555555 0.01246444878009851
 -0.002298611111111111 0.01260337519029944
 -0.002291666666666667 0.01221680930878289
 -0.002284722222222222 0.01125635910449838
 -0.002277777777777778 0.009853080064914406
 -0.002270833333333333 0.008341500660458613
 -0.002263888888888889 0.007230213927514105
 -0.002256944444444444 0.006983510673994477
 -0.00225 0.007659580683432741
 -0.002243055555555555 0.008697070980566567
 -0.002236111111111111 0.009136889929047149
 -0.002229166666666667 0.008227780249281315
 -0.002222222222222222 0.005991610551170992
 -0.002215277777777778 0.003298139845352356
 -0.002208333333333333 0.001368566677749374
 -0.002201388888888889 0.0010626365984301
 -0.002194444444444445 0.002440885804702467
 -0.0021875 0.004857575205822349
 -0.002180555555555555 0.007448358371277318
 -0.002173611111111111 0.009620281802520158
 -0.002166666666666667 0.01120020564993856
 -0.002159722222222222 0.01220893359279792
 -0.002152777777777778 0.01255606026436803
 -0.002145833333333333 0.01200542925212987
 -0.002138888888888889 0.01047621570705459
 -0.002131944444444445 0.008382585845101901
 -0.002125 0.006631894965895827
 -0.002118055555555556 0.006185013915500635
 -0.002111111111111111 0.007467587105803364
 -0.002104166666666667 0.01006641519784519
 -0.002097222222222222 0.01294350580135914
 -0.002090277777777778 0.01502745842766303
 -0.002083333333333333 0.0157806634476278
 -0.002076388888888889 0.01537712479670073
 -0.002069444444444444 0.01442727010068807
 -0.0020625 0.01351440310353749
 -0.002055555555555556 0.01289707887906925
 -0.002048611111111111 0.01252985221801796
 -0.002041666666666666 0.01227416838246399
 -0.002034722222222222 0.01206675815648243
 -0.002027777777777778 0.01192815745411992
 -0.002020833333333333 0.01186389446936099
 -0.002013888888888889 0.01177971806244892
 -0.002006944444444444 0.01149285518144438
 -0.002 0.01084607517748569
 -0.001993055555555556 0.009860905747694057
 -0.001986111111111111 0.008818329439421652
 -0.001979166666666667 0.008174590157120874
 -0.001972222222222222 0.008330672960668091
 -0.001965277777777778 0.009399621066476235
 -0.001958333333333333 0.01112989285135207
 -0.001951388888888889 0.01302220480331782
 -0.001944444444444444 0.01454141669127631
 -0.0019375 0.01529614059471267
 -0.001930555555555556 0.01512888579217078
 -0.001923611111111111 0.01413118743549729
 -0.001916666666666667 0.01261370704537151
 -0.001909722222222222 0.01104238187273349
 -0.001902777777777778 0.009936399824161286
 -0.001895833333333333 0.009724751086021338
 -0.001888888888888889 0.01058136318947459
 -0.001881944444444445 0.01230609652324533
 -0.001875 0.01435167636107908
 -0.001868055555555556 0.01604729642014228
 -0.001861111111111111 0.01693130886150159
 -0.001854166666666667 0.0169872577148319
 -0.001847222222222222 0.01661461955815651
 -0.001840277777777778 0.01635773136598943
 -0.001833333333333333 0.01659509940167403
 -0.001826388888888889 0.01738950321106975
 -0.001819444444444444 0.01853877737231341
 -0.0018125 0.01972562920664051
 -0.001805555555555555 0.02065750554212348
 -0.001798611111111111 0.02115282036763339
 -0.001791666666666667 0.02116098400981915
 -0.001784722222222222 0.02070739084741449
 -0.001777777777777778 0.01979891688788933
 -0.001770833333333333 0.01838691122888066
 -0.001763888888888889 0.01645887878147499
 -0.001756944444444444 0.01419793181455607
 -0.00175 0.01204159775881968
 -0.001743055555555556 0.01052834733873031
 -0.001736111111111111 0.01001685253799739
 -0.001729166666666667 0.01051011411958029
 -0.001722222222222222 0.01174241046220791
 -0.001715277777777778 0.01343509905555171
 -0.001708333333333333 0.01545430044951914
 -0.001701388888888889 0.0177179564760634
 -0.001694444444444444 0.01999427734848097
 -0.0016875 0.02186763060768343
 -0.001680555555555556 0.0229520088804469
 -0.001673611111111111 0.02313714644560028
 -0.001666666666666667 0.02261224182154644
 -0.001659722222222222 0.02166368026417101
 -0.001652777777777778 0.02047685110145078
 -0.001645833333333333 0.01913038579642723
 -0.001638888888888889 0.0177370598729157
 -0.001631944444444445 0.01653671770165064
 -0.001625 0.0158216254271352
 -0.001618055555555556 0.01575958842266107
 -0.001611111111111111 0.01627777044411988
 -0.001604166666666667 0.017107049665413
 -0.001597222222222222 0.01794967793434508
 -0.001590277777777778 0.01865149179029584
 -0.001583333333333333 0.01928323770279093
 -0.001576388888888889 0.02011190979440603
 -0.001569444444444444 0.02149552474361153
 -0.0015625 0.02374262179677914
 -0.001555555555555555 0.02697310586131152
 -0.001548611111111111 0.03101820792731353
 -0.001541666666666667 0.03538771838727
 -0.001534722222222222 0.03931207880780684
 -0.001527777777777778 0.04186718354952495
 -0.001520833333333333 0.04220661832456912
 -0.001513888888888889 0.03989193449249662
 -0.001506944444444444 0.03519621897572407
 -0.0015 0.02916205776720589
 -0.001493055555555556 0.02327336825721156
 -0.001486111111111111 0.01885706427049858
 -0.001479166666666667 0.01656523482665138
 -0.001472222222222222 0.0162729798683562
 -0.001465277777777778 0.01743735352879857
 -0.001458333333333333 0.01962186115218545
 -0.001451388888888889 0.02277742424898333
 -0.001444444444444444 0.02707781661129811
 -0.0014375 0.03246368317178194
 -0.001430555555555556 0.0382689379902627
 -0.001423611111111111 0.04323514315310475
 -0.001416666666666667 0.04595412481876877
 -0.001409722222222222 0.04552093990566618
 -0.001402777777777778 0.0420579448559003
 -0.001395833333333333 0.03680865035977677
 -0.001388888888888889 0.03168772304759878
 -0.001381944444444445 0.02846431664548732
 -0.001375 0.02799996009112073
 -0.001368055555555556 0.02996417759708127
 -0.001361111111111111 0.0331613635216832
 -0.001354166666666667 0.03621657561583175
 -0.001347222222222222 0.038179940720377
 -0.001340277777777778 0.03874797334014456
 -0.001333333333333333 0.03811496769109576
 -0.001326388888888889 0.03668503897665183
 -0.001319444444444444 0.03486013609562458
 -0.0013125 0.03296767848345504
 -0.001305555555555555 0.03127787280276976
 -0.001298611111111111 0.03004524899613534
 -0.001291666666666667 0.02952905788098872
 -0.001284722222222222 0.02995548314706918
 -0.001277777777777778 0.0314126136985324
 -0.001270833333333333 0.03373986348605544
 -0.001263888888888889 0.03652286604943233
 -0.001256944444444444 0.0392501065413605
 -0.00125 0.04155088609350988
 -0.001243055555555556 0.04334217670864397
 -0.001236111111111111 0.04476368305202574
 -0.001229166666666667 0.04594358441875611
 -0.001222222222222222 0.04678040369740467
 -0.001215277777777778 0.04693470204881778
 -0.001208333333333333 0.04608188492219056
 -0.001201388888888889 0.04427059081427659
 -0.001194444444444444 0.04210715140137272
 -0.0011875 0.04057289967506009
 -0.001180555555555556 0.04055840474464927
 -0.001173611111111111 0.04244491273909674
 -0.001166666666666667 0.04602724665719451
 -0.001159722222222222 0.05076556700790291
 -0.001152777777777778 0.05608499292922668
 -0.001145833333333333 0.06147881093943464
 -0.001138888888888889 0.06642811761013413
 -0.001131944444444445 0.07032596753015145
 -0.001125 0.07254807345688526
 -0.001118055555555556 0.07267087529959305
 -0.001111111111111111 0.07074522443764682
 -0.001104166666666667 0.0674873137400005
 -0.001097222222222222 0.0642243472902865
 -0.001090277777777778 0.06250095672539578
 -0.001083333333333333 0.06345268763883835
 -0.001076388888888889 0.06725734031260058
 -0.001069444444444444 0.07299334570930967
 -0.0010625 0.07901923157155961
 -0.001055555555555555 0.08368214634512314
 -0.001048611111111111 0.08597876091891975
 -0.001041666666666667 0.08585788347314889
 -0.001034722222222222 0.08411125414734691
 -0.001027777777777778 0.08202289675977832
 -0.001020833333333333 0.08095686310645478
 -0.001013888888888889 0.08193101505935198
 -0.001006944444444444 0.08519599681455794
 -0.001 0.08999913399433741
 -0.0009930555555555556 0.0948277335874855
 -0.0009861111111111112 0.09820727904525113
 -0.0009791666666666666 0.09964378718869009
 -0.0009722222222222222 0.1000059344431756
 -0.0009652777777777778 0.1009428229905099
 -0.0009583333333333333 0.1036809208398696
 -0.0009513888888888889 0.1080931566814722
 -0.0009444444444444445 0.1127550818808894
 -0.0009375 0.1159308332991855
 -0.0009305555555555556 0.1167354330123856
 -0.0009236111111111112 0.1156538837086253
 -0.0009166666666666666 0.114128475837953
 -0.0009097222222222222 0.1135737291615861
 -0.0009027777777777777 0.1144994220287603
 -0.0008958333333333333 0.1162955484399847
 -0.0008888888888888889 0.1177937737337766
 -0.0008819444444444444 0.1182107438878052
 -0.000875 0.1178019045236421
 -0.0008680555555555555 0.1177477884656878
 -0.0008611111111111111 0.119363026602394
 -0.0008541666666666667 0.1232035947171824
 -0.0008472222222222222 0.1286612544807086
 -0.0008402777777777778 0.134257484441997
 -0.0008333333333333334 0.1384539763735941
 -0.0008263888888888889 0.1405781907200528
 -0.0008194444444444445 0.1413713279619889
 -0.0008125 0.1427218363336309
 -0.0008055555555555556 0.1465143975464755
 -0.0007986111111111112 0.153167180318703
 -0.0007916666666666666 0.1608856634301424
 -0.0007847222222222222 0.1663841990111401
 -0.0007777777777777777 0.1668275390510399
 -0.0007708333333333333 0.1617673905353665
 -0.0007638888888888889 0.1537485653022732
 -0.0007569444444444444 0.1471613592752772
 -0.00075 0.1460776528603336
 -0.0007430555555555555 0.152341403607882
 -0.0007361111111111111 0.1648488307237009
 -0.0007291666666666667 0.1801982510735398
 -0.0007222222222222222 0.1942650138805997
 -0.0007152777777777778 0.2039627400231992
 -0.0007083333333333334 0.2084321105724695
 -0.0007013888888888889 0.2091363909587822
 -0.0006944444444444445 0.2088563638430112
 -0.0006875 0.2101790429645295
 -0.0006805555555555556 0.2143621718139601
 -0.0006736111111111112 0.2211638892456432
 -0.0006666666666666666 0.2295395375350336
 -0.0006597222222222222 0.2385552379032232
 -0.0006527777777777777 0.247872041682446
 -0.0006458333333333333 0.2576453468697477
 -0.0006388888888888889 0.2681588093195423
 -0.0006319444444444444 0.2795456985398432
 -0.000625 0.29166434514778
 -0.0006180555555555555 0.3040636808998416
 -0.0006111111111111111 0.3161420990164636
 -0.0006041666666666667 0.327658904113006
 -0.0005972222222222222 0.3393950487583465
 -0.0005902777777777778 0.3533463954039745
 -0.0005833333333333334 0.3719842838538002
 -0.0005763888888888889 0.3968504857658885
 -0.0005694444444444445 0.4274039333269076
 -0.0005625 0.4609933488316246
 -0.0005555555555555556 0.4941023747430777
 -0.0005486111111111112 0.5241349780466272
 -0.0005416666666666666 0.5506009201909814
 -0.0005347222222222222 0.5749406231472916
 -0.0005277777777777777 0.5991640244596472
 -0.0005208333333333333 0.6242757825247407
 -0.0005138888888888889 0.6495084594127943
 -0.0005069444444444444 0.6727351658496008
 -0.0005 0.6917134824087013
 -0.0004930555555555556 0.7055238579870601
 -0.0004861111111111111 0.7156234732316558
 -0.0004791666666666666 0.7260240587701904
 -0.0004722222222222222 0.7422437778712809
 -0.0004652777777777778 0.7691689460241921
 -0.0004583333333333333 0.808740789415939
 -0.0004513888888888889 0.8588339631124401
 -0.0004444444444444445 0.9141954506882957
 -0.0004375 0.9690212564072547
 -0.0004305555555555556 1.01965663307631
 -0.0004236111111111111 1.065953078260971
 -0.0004166666666666667 1.110906705009191
 -0.0004097222222222222 1.159276276626438
 -0.0004027777777777778 1.216052437787662
 -0.0003958333333333333 1.285117758303954
 -0.0003888888888888889 1.36807558509824
 -0.0003819444444444445 1.463474134790222
 -0.000375 1.567046672370314
 -0.0003680555555555556 1.67337856945552
 -0.0003611111111111111 1.778485226356689
 -0.0003541666666666667 1.881915798544761
 -0.0003472222222222222 1.987121668027017
 -0.0003402777777777778 2.099996915034528
 -0.0003333333333333333 2.226677078446705
 -0.0003263888888888889 2.371821279111647
 -0.0003194444444444445 2.537824726181358
 -0.0003125 2.724788059506365
 -0.0003055555555555555 2.931192800749548
 -0.0002986111111111111 3.155469875796035
 -0.0002916666666666667 3.398184686523297
 -0.0002847222222222222 3.663720137597719
 -0.0002777777777777778 3.960258358497081
 -0.0002708333333333333 4.297945663341955
 -0.0002638888888888889 4.686441295868373
 -0.0002569444444444445 5.133446456629164
 -0.00025 5.645110278460138
 -0.0002430555555555555 6.228063899247353
 -0.0002361111111111111 6.891903339463323
 -0.0002291666666666667 7.650659696020124
 -0.0002222222222222222 8.522501332304429
 -0.0002152777777777778 9.528548881390845
 -0.0002083333333333333 10.69338887987736
 -0.0002013888888888889 12.05036607185751
 -0.0001944444444444444 13.65311405610812
 -0.0001875 15.59048095264248
 -0.0001805555555555555 17.99423514102847
 -0.0001736111111111111 21.0182586091374
 -0.0001666666666666667 24.76140598349392
 -0.0001597222222222222 29.12066018854517
 -0.0001527777777777778 33.61252846994525
 -0.0001458333333333333 37.27521323453698
 -0.0001388888888888889 38.79888893936661
 -0.0001319444444444444 36.94861282494099
 -0.000125 31.14371235206135
 -0.0001180555555555556 21.87444970214551
 -0.0001111111111111111 10.65680578570349
 -0.0001041666666666667 -0.5074110168901269
 -9.722222222222222e-05 -9.873677674961272
 -9.027777777777777e-05 -16.49239890591669
 -8.333333333333333e-05 -20.30699010240932
 -7.638888888888889e-05 -21.87657827854645
 -6.944444444444444e-05 -21.97091367902458
 -6.25e-05 -21.26243390116137
 -5.555555555555556e-05 -20.1994417388983
 -4.861111111111111e-05 -19.02063582318862
 -4.166666666666667e-05 -17.82875384438821
 -3.472222222222222e-05 -16.66136093470661
 -2.777777777777778e-05 -15.5342942225344
 -2.083333333333333e-05 -14.45935710825101
 -1.388888888888889e-05 -13.4473540772226
 -6.944444444444445e-06 -12.50637859177392
 0 -11.64032225254838
 6.944444444444445e-06 -10.84850207151081
 1.388888888888889e-05 -10.12596264891113
 2.083333333333333e-05 -9.464571846049292
 2.777777777777778e-05 -8.855386477145343
 3.472222222222222e-05 -8.291809298422544
 4.166666666666667e-05 -7.771671621084092
 4.861111111111111e-05 -7.296301668131352
 5.555555555555556e-05 -6.866596515078604
 6.25e-05 -6.478826720504395
 6.944444444444444e-05 -6.123841472966619
 7.638888888888889e-05 -5.791003791734903
 8.333333333333333e-05 -5.474095612973629
 9.027777777777777e-05 -5.174340753237711
 9.722222222222222e-05 -4.897911781586348
 0.0001041666666666667 -4.649957054645903
 0.0001111111111111111 -4.429938797318075
 0.0001180555555555556 -4.231520139448591
 0.000125 -4.046252804921634
 0.0001319444444444444 -3.867744474911813
 0.0001388888888888889 -3.693648467376481
 0.0001458333333333333 -3.5252044697308
 0.0001527777777777778 -3.365586315498205
 0.0001597222222222222 -3.218135266413654
 0.0001666666666666667 -3.084815582449163
 0.0001736111111111111 -2.965077003908382
 0.0001805555555555555 -2.855565055911186
 0.0001875 -2.751023287600119
 0.0001944444444444444 -2.646203339468264
 0.0002013888888888889 -2.538116606619594
 0.0002083333333333333 -2.427692139163931
 0.0002152777777777778 -2.319790360357447
 0.0002222222222222222 -2.220944704641994
 0.0002291666666666667 -2.135575578297742
 0.0002361111111111111 -2.0629922707305
 0.0002430555555555555 -1.997554308583786
 0.00025 -1.932225072129033
 0.0002569444444444445 -1.863049159492422
 0.0002638888888888889 -1.791322930159083
 0.0002708333333333333 -1.722121057269031
 0.0002777777777777778 -1.660591617988143
 0.0002847222222222222 -1.608692667862373
 0.0002916666666666667 -1.564196623334137
 0.0002986111111111111 -1.522077736693662
 0.0003055555555555555 -1.477225790903468
 0.0003125 -1.427099568009799
 0.0003194444444444445 -1.373060103107127
 0.0003263888888888889 -1.319606647633012
 0.0003333333333333333 -1.271752315553043
 0.0003402777777777778 -1.231987828228951
 0.0003472222222222222 -1.198743533469787
 0.0003541666666666667 -1.167367001275601
 0.0003611111111111111 -1.132925679971019
 0.0003680555555555556 -1.092929242901466
 0.000375 -1.048280485761414
 0.0003819444444444445 -1.002179129738204
 0.0003888888888888889 -0.9581194782951794
 0.0003958333333333333 -0.9184024231670151
 0.0004027777777777778 -0.8837045426030183
 0.0004097222222222222 -0.8532995629131912
 0.0004166666666666667 -0.825458568261021
 0.0004236111111111111 -0.7980888301387932
 0.0004305555555555556 -0.7697973234446245
 0.0004375 -0.7409738922937356
 0.0004444444444444445 -0.7139876072048715
 0.0004513888888888889 -0.6919880886262154
 0.0004583333333333333 -0.6768580193223135
 0.0004652777777777778 -0.6676085190320274
 0.0004722222222222222 -0.6603378197981944
 0.0004791666666666666 -0.6499771643797962
 0.0004861111111111111 -0.6330013437243948
 0.0004930555555555556 -0.6095977792214806
 0.0005 -0.5838614760893543
 0.0005069444444444444 -0.5616012334209274
 0.0005138888888888889 -0.5469031613253679
 0.0005208333333333333 -0.5396133537630569
 0.0005277777777777777 -0.5354016861213834
 0.0005347222222222222 -0.5282928762396039
 0.0005416666666666666 -0.5139323170033395
 0.0005486111111111112 -0.4916388484095162
 0.0005555555555555556 -0.464364553721378
 0.0005625 -0.436947092939769
 0.0005694444444444445 -0.413722545491686
 0.0005763888888888889 -0.3966620025430021
 0.0005833333333333334 -0.3849032256643504
 0.0005902777777777778 -0.3758613380307109
 0.0005972222222222222 -0.3671597054424219
 0.0006041666666666667 -0.3580497873997327
 0.0006111111111111111 -0.3494064877480511
 0.0006180555555555555 -0.3425629160222631
 0.000625 -0.3381133956647724
 0.0006319444444444444 -0.3355628436191055
 0.0006388888888888889 -0.3337358555437287
 0.0006458333333333333 -0.331296231880069
 0.0006527777777777777 -0.3270409564677544
 0.0006597222222222222 -0.3201786018540071
 0.0006666666666666666 -0.3107878288414255
 0.0006736111111111112 -0.3001671898622241
 0.0006805555555555556 -0.2905707672987847
 0.0006875 -0.284231366385839
 0.0006944444444444445 -0.2821761637797799
 0.0007013888888888889 -0.2835404429353047
 0.0007083333333333334 -0.2857871094756992
 0.0007152777777777778 -0.28576525635768
 0.0007222222222222222 -0.2811426345454384
 0.0007291666666666667 -0.2715011202261914
 0.0007361111111111111 -0.2584474334552967
 0.0007430555555555555 -0.2446369471308247
 0.00075 -0.2323783261941036
 0.0007569444444444444 -0.2227805215680378
 0.0007638888888888889 -0.2158563413953914
 0.0007708333333333333 -0.2111602110225001
 0.0007777777777777777 -0.2082839587162255
 0.0007847222222222222 -0.2069716802731272
 0.0007916666666666666 -0.207044000415021
 0.0007986111111111112 -0.2082825037097144
 0.0008055555555555556 -0.210251020426726
 0.0008125 -0.2121500122391053
 0.0008194444444444445 -0.212986682331378
 0.0008263888888888889 -0.2121247979891889
 0.0008333333333333334 -0.2097928341255719
 0.0008402777777777778 -0.2070173635096575
 0.0008472222222222222 -0.2049398937025487
 0.0008541666666666667 -0.2040470576350341
 0.0008611111111111111 -0.2038921246647926
 0.0008680555555555555 -0.20341877326536
 0.000875 -0.2015279871191958
 0.0008819444444444444 -0.1974692803826731
 0.0008888888888888889 -0.1909427508070428
 0.0008958333333333333 -0.1820992980183902
 0.0009027777777777777 -0.1716182331383284
 0.0009097222222222222 -0.1607715977534209
 0.0009166666666666666 -0.1511964558594515
 0.0009236111111111112 -0.1442651327353113
 0.0009305555555555556 -0.1403533492413814
 0.0009375 -0.138543480463575
 0.0009444444444444445 -0.1370872108915656
 0.0009513888888888889 -0.1344356039485056
 0.0009583333333333333 -0.1302271689991281
 0.0009652777777777778 -0.1255914654776073
 0.0009722222222222222 -0.1224926779694902
 0.0009791666666666666 -0.1224271624420712
 0.0009861111111111112 -0.125287733439719
 0.0009930555555555556 -0.1292280654246525
 0.001 -0.1317306585242698
 0.001006944444444444 -0.1311762621000067
 0.001013888888888889 -0.1277892394414877
 0.001020833333333333 -0.1233204374821387
 0.001027777777777778 -0.1198174071645563
 0.001034722222222222 -0.1184357322019949
 0.001041666666666667 -0.118995609264527
 0.001048611111111111 -0.1202677507638241
 0.001055555555555555 -0.120534355289
 0.0010625 -0.1181161269676397
 0.001069444444444444 -0.1118990490479962
 0.001076388888888889 -0.1019139131765798
 0.001083333333333333 -0.08970902927457718
 0.001090277777777778 -0.07809315170105192
 0.001097222222222222 -0.07015052776157849
 0.001104166666666667 -0.06799272313363355
 0.001111111111111111 -0.07195132995924765
 0.001118055555555556 -0.08060030603222768
 0.001125 -0.0914504423809652
 0.001131944444444445 -0.1018567009354069
 0.001138888888888889 -0.1097551049581546
 0.001145833333333333 -0.1140643076096596
 0.001152777777777778 -0.1147140775392358
 0.001159722222222222 -0.1123211495059284
 0.001166666666666667 -0.1076579620078572
 0.001173611111111111 -0.1012171829135098
 0.001180555555555556 -0.0931587307333675
 0.0011875 -0.08365434097430102
 0.001194444444444444 -0.07332905464407279
 0.001201388888888889 -0.06342632056356773
 0.001208333333333333 -0.0555382203144827
 0.001215277777777778 -0.05104055457629452
 0.001222222222222222 -0.05054883216490997
 0.001229166666666667 -0.05369543483997818
 0.001236111111111111 -0.059337989089011
 0.001243055555555556 -0.06603768012991047
 0.00125 -0.07249226513944877
 0.001256944444444444 -0.07772974385673684
 0.001263888888888889 -0.08114567389849638
 0.001270833333333333 -0.08257001240272803
 0.001277777777777778 -0.08234843483097387
 0.001284722222222222 -0.08120952932870883
 0.001291666666666667 -0.07982484457951043
 0.001298611111111111 -0.07836869963783839
 0.001305555555555555 -0.07654598848570901
 0.0013125 -0.07416999747013163
 0.001319444444444444 -0.07177102686094862
 0.001326388888888889 -0.07056460385381497
 0.001333333333333333 -0.07165522096695012
 0.001340277777777778 -0.07510512580475477
 0.001347222222222222 -0.07970281201910689
 0.001354166666666667 -0.08368862685421131
 0.001361111111111111 -0.08586852853183523
 0.001368055555555556 -0.08622873312017826
 0.001375 -0.08560546031310914
 0.001381944444444445 -0.08474111428393494
 0.001388888888888889 -0.08352487418130361
 0.001395833333333333 -0.08104069829620851
 0.001402777777777778 -0.07639942742102748
 0.001409722222222222 -0.06971064036810715
 0.001416666666666667 -0.06241901052204585
 0.001423611111111111 -0.05668677226764584
 0.001430555555555556 -0.05420106607904443
 0.0014375 -0.05520057161924109
 0.001444444444444444 -0.05835680035867971
 0.001451388888888889 -0.06155145149416262
 0.001458333333333333 -0.06300663578289724
 0.001465277777777778 -0.06205919994776312
 0.001472222222222222 -0.05919864398547379
 0.001479166666666667 -0.05551459573278018
 0.001486111111111111 -0.05201953001315416
 0.001493055555555556 -0.04924411280028425
 0.0015 -0.04720166314595711
 0.001506944444444444 -0.0455851215785715
 0.001513888888888889 -0.04403922047448802
 0.001520833333333333 -0.04242341816897469
 0.001527777777777778 -0.04096867200671014
 0.001534722222222222 -0.04016948629919041
 0.001541666666666667 -0.04035932589927008
 0.001548611111111111 -0.04123460762662499
 0.001555555555555555 -0.04179468428305728
 0.0015625 -0.04090289537078038
 0.001569444444444444 -0.03808963404251411
 0.001576388888888889 -0.03391226534620845
 0.001583333333333333 -0.02954751875603099
 0.001590277777777778 -0.02599134232969658
 0.001597222222222222 -0.02356284798187979
 0.001604166666666667 -0.0220492906372704
 0.001611111111111111 -0.02120806733008831
 0.001618055555555556 -0.02109073169204562
 0.001625 -0.02193930567074515
 0.001631944444444445 -0.02384648773469969
 0.001638888888888889 -0.02653152005838215
 0.001645833333333333 -0.02940358501896464
 0.001652777777777778 -0.0318313382154445
 0.001659722222222222 -0.03343505112273736
 0.001666666666666667 -0.03424754065563877
 0.001673611111111111 -0.03464421073865497
 0.001680555555555556 -0.03503035340938879
 0.0016875 -0.03544305424941587
 0.001694444444444444 -0.03536393436509865
 0.001701388888888889 -0.03395002003121824
 0.001708333333333333 -0.03058139404275392
 0.001715277777777778 -0.02536737186020532
 0.001722222222222222 -0.01928084498889042
 0.001729166666666667 -0.01384491830628847
 0.001736111111111111 -0.01053968474358931
 0.001743055555555556 -0.01019062189226452
 0.00175 -0.01258414161194685
 0.001756944444444444 -0.01650048807456394
 0.001763888888888889 -0.02023170415732092
 0.001770833333333333 -0.02241317256684046
 0.001777777777777778 -0.02273933831524149
 0.001784722222222222 -0.02209834552252939
 0.001791666666666667 -0.02198057458699217
 0.001798611111111111 -0.02350520281916234
 0.001805555555555555 -0.02668035653215961
 0.0018125 -0.03034613297539205
 0.001819444444444444 -0.03279678121390935
 0.001826388888888889 -0.03268831059353411
 0.001833333333333333 -0.02973530815580806
 0.001840277777777778 -0.02486362244603597
 0.001847222222222222 -0.01977236563809052
 0.001854166666666667 -0.0161435808256242
 0.001861111111111111 -0.0149111181362673
 0.001868055555555556 -0.01595731252667025
 0.001875 -0.0183428861957442
 0.001881944444444445 -0.02086289525797468
 0.001888888888888889 -0.02258548963466056
 0.001895833333333333 -0.02313336982810778
 0.001902777777777778 -0.02266631105116764
 0.001909722222222222 -0.02165468643430687
 0.001916666666666667 -0.0205763327824502
 0.001923611111111111 -0.01967768763158151
 0.001930555555555556 -0.01891492195621543
 0.0019375 -0.01809511719713909
 0.001944444444444444 -0.01710627538314487
 0.001951388888888889 -0.016060951307716
 0.001958333333333333 -0.01524045176467169
 0.001965277777777778 -0.01487293597528506
 0.001972222222222222 -0.01490977022132308
 0.001979166666666667 -0.01498644060032164
 0.001986111111111111 -0.0146333018591666
 0.001993055555555556 -0.01360862122655696
 0.002 -0.01211208264494839
 0.002006944444444444 -0.01070663615654948
 0.002013888888888889 -0.009985359463083727
 0.002020833333333333 -0.01020681758406468
 0.002027777777777778 -0.01114462796064968
 0.002034722222222222 -0.01223721401255641
 0.002041666666666666 -0.01290422148024862
 0.002048611111111111 -0.01279685349789299
 0.002055555555555556 -0.01185643045173274
 0.0020625 -0.01025302688982016
 0.002069444444444444 -0.008343351655065754
 0.002076388888888889 -0.006656223899681081
 0.002083333333333333 -0.005776438967501242
 0.002090277777777778 -0.006070433889808966
 0.002097222222222222 -0.007421739374326581
 0.002104166666666667 -0.00923401258428584
 0.002111111111111111 -0.01075932763654723
 0.002118055555555556 -0.01150892657175957
 0.002125 -0.01142831168523489
 0.002131944444444445 -0.01075377314377807
 0.002138888888888889 -0.009761845027897618
 0.002145833333333333 -0.008673615187674984
 0.002152777777777778 -0.007754752269136943
 0.002159722222222222 -0.007413540988416544
 0.002166666666666667 -0.008089935818318603
 0.002173611111111111 -0.009946797524432838
 0.002180555555555555 -0.0126044278791756
 0.0021875 -0.01518779459727131
 0.002194444444444445 -0.01674406446982529
 0.002201388888888889 -0.01679254242654108
 0.002208333333333333 -0.01562585056974165
 0.002215277777777778 -0.01412782884019189
 0.002222222222222222 -0.01322142973889402
 0.002229166666666667 -0.01333672091680146
 0.002236111111111111 -0.01425912008717099
 0.002243055555555555 -0.01540156365377205
 0.00225 -0.01621854837347264
 0.002256944444444444 -0.01642827659438701
 0.002263888888888889 -0.01595023252780852
 0.002270833333333333 -0.01474233940544956
 0.002277777777777778 -0.0127703856092296
 0.002284722222222222 -0.01015180634583097
 0.002291666666666667 -0.00730472319755946
 0.002298611111111111 -0.004903345644226745
 0.002305555555555555 -0.003601549733576311
 0.0023125 -0.003690280334284768
 0.002319444444444444 -0.004933697541015406
 0.002326388888888889 -0.006707670962214733
 0.002333333333333334 -0.008326761994086357
 0.002340277777777778 -0.009307022768297082
 0.002347222222222222 -0.009420494450403997
 0.002354166666666667 -0.008636401759058901
 0.002361111111111111 -0.007128266004746865
 0.002368055555555556 -0.005353418784693051
 0.002375 -0.004016725192922794
 0.002381944444444444 -0.003791660410675338
 0.002388888888888889 -0.00493878369817603
 0.002395833333333333 -0.007113794403856752
 0.002402777777777778 -0.009515953733383211
 0.002409722222222222 -0.01126368544542188
 0.002416666666666667 -0.01176905080205994
 0.002423611111111111 -0.01095814462429288
 0.002430555555555556 -0.009288486129647796
 0.0024375 -0.007556178437690712
 0.002444444444444444 -0.006536117312696065
 0.002451388888888889 -0.006606790556074941
 0.002458333333333333 -0.007576472644311574
 0.002465277777777778 -0.008833312380714909
 0.002472222222222222 -0.009733986926032985
 0.002479166666666667 -0.009991942504309884
 0.002486111111111111 -0.009834023330698384
 0.002493055555555556 -0.009834453703904431
 0.0025 -0.01051584878622197
 0.002506944444444444 -0.01194631157029824
 0.002513888888888889 -0.01359093140391216
 0.002520833333333333 -0.01455021564221892
 0.002527777777777778 -0.01407640837915832
 0.002534722222222222 -0.01204976209008096
 0.002541666666666666 -0.009087057581638488
 0.002548611111111111 -0.006182712725456683
 0.002555555555555556 -0.004106279269030275
 0.0025625 -0.002970220874925128
 0.002569444444444445 -0.002283059555090934
 0.002576388888888889 -0.001451194369467445
 0.002583333333333333 -0.0003303208219761921
 0.002590277777777778 0.0006358526357976183
 0.002597222222222222 0.0008088067455191407
 0.002604166666666667 -7.914998007390403e-05
 0.002611111111111111 -0.001703658581581874
 0.002618055555555556 -0.00344750220675043
 0.002625 -0.004893736283593925
 0.002631944444444445 -0.006036977182861959
 0.002638888888888889 -0.007070971168923209
 0.002645833333333333 -0.008042552469980278
 0.002652777777777778 -0.008743706954854486
 0.002659722222222222 -0.008915761369849165
 0.002666666666666667 -0.008521891914213174
 0.002673611111111111 -0.007816541447121057
 0.002680555555555555 -0.007166757191145327
 0.0026875 -0.006799872560443496
 0.002694444444444445 -0.00668194313586587
 0.002701388888888889 -0.006598575549242934
 0.002708333333333333 -0.006352803100014716
 0.002715277777777778 -0.005924522470272147
 0.002722222222222222 -0.00548160740812306
 0.002729166666666667 -0.005250230366204138
 0.002736111111111111 -0.005355196453968222
 0.002743055555555555 -0.005753939894124387
 0.00275 -0.006301778166305091
 0.002756944444444444 -0.006874084512197579
 0.002763888888888889 -0.00742968089455606
 0.002770833333333333 -0.00796301210762229
 0.002777777777777778 -0.008400519209291293
 0.002784722222222222 -0.008552255509098838
 0.002791666666666667 -0.008187797982832477
 0.002798611111111111 -0.007203370124968671
 0.002805555555555555 -0.005763669924173412
 0.0028125 -0.004298962479006782
 0.002819444444444444 -0.003324812824296005
 0.002826388888888889 -0.003174895324286036
 0.002833333333333334 -0.003807650740959818
 0.002840277777777778 -0.00480926682007039
 0.002847222222222222 -0.005596511740794936
 0.002854166666666667 -0.005707497885158854
 0.002861111111111111 -0.005024912708255778
 0.002868055555555556 -0.003819379986929371
 0.002875 -0.002598980181290779
 0.002881944444444444 -0.001847966078015791
 0.002888888888888889 -0.00178338730602512
 0.002895833333333333 -0.002243424867835545
 0.002902777777777778 -0.002769046588035669
 0.002909722222222222 -0.002863086169012596
 0.002916666666666667 -0.002310298053638045
 0.002923611111111111 -0.001367590417863451
 0.002930555555555556 -0.0006759220802007593
 0.0029375 -0.0009209681578999018
 0.002944444444444444 -0.002449879965750865
 0.002951388888888889 -0.00507437074861882
 0.002958333333333333 -0.008142896501720894
 0.002965277777777778 -0.01079717674847364
 0.002972222222222222 -0.01227609391179856
 0.002979166666666667 -0.01217341752312871
 0.002986111111111111 -0.01058946288150192
 0.002993055555555556 -0.008112269415604376
 0.003 -0.005594663812828221
 0.003006944444444444 -0.003800479299361701
 0.003013888888888889 -0.003095185347269484
 0.003020833333333333 -0.003340299906705044
 0.003027777777777778 -0.004019144579416763
 0.003034722222222222 -0.004493648940272604
 0.003041666666666666 -0.004263543930756792
 0.003048611111111111 -0.003145098900644109
 0.003055555555555556 -0.001327190483604157
 0.0030625 0.0007163611417188894
 0.003069444444444445 0.002429297859153658
 0.003076388888888889 0.003383426340820056
 0.003083333333333333 0.003373694493342031
 0.003090277777777778 0.002378293166953831
 0.003097222222222222 0.0004968130733569023
 0.003104166666666667 -0.00202266323839598
 0.003111111111111111 -0.004711575206540209
 0.003118055555555556 -0.006928503021736441
 0.003125 -0.008105804547875793
 0.003131944444444445 -0.008059339896874556
 0.003138888888888889 -0.007121188363500189
 0.003145833333333333 -0.005977159304712718
 0.003152777777777778 -0.005307902948683305
 0.003159722222222222 -0.005449117945124821
 0.003166666666666667 -0.00624891669220864
 0.003173611111111111 -0.007182879884080676
 0.003180555555555555 -0.007660885106635216
 0.0031875 -0.007359565966585756
 0.003194444444444445 -0.006390136962654609
 0.003201388888888889 -0.00520769998271475
 0.003208333333333333 -0.004337496338394586
 0.003215277777777778 -0.004102666152311406
 0.003222222222222222 -0.00450089728224712
 0.003229166666666667 -0.005248360013017967
 0.003236111111111111 -0.005914514914215691
 0.003243055555555555 -0.006070263875994408
 0.00325 -0.005418053346829773
 0.003256944444444444 -0.00389476504261623
 0.003263888888888889 -0.001723141342964239
 0.003270833333333333 0.0006247070659235319
 0.003277777777777778 0.002563061445876983
 0.003284722222222222 0.003586104863904835
 0.003291666666666667 0.003438720037586967
 0.003298611111111111 0.002193302985803859
 0.003305555555555556 0.0002126092339923366
 0.0033125 -0.001970632502222961
 0.003319444444444444 -0.003811603424019714
 0.003326388888888889 -0.004912055941372696
 0.003333333333333334 -0.005139542469682057
 0.003340277777777778 -0.00465222560369219
 0.003347222222222222 -0.003796253309553519
 0.003354166666666667 -0.002920845661664046
 0.003361111111111111 -0.002226453410577554
 0.003368055555555556 -0.001740488546960446
 0.003375 -0.001412208832477559
 0.003381944444444444 -0.001233063362704761
 0.003388888888888889 -0.001291715428724887
 0.003395833333333333 -0.001733474278207024
 0.003402777777777778 -0.002646041210054985
 0.003409722222222222 -0.003924434161182841
 0.003416666666666667 -0.005198592812546578
 0.003423611111111111 -0.005915924417153642
 0.003430555555555556 -0.005600185568308319
 0.0034375 -0.004163293986024423
 0.003444444444444444 -0.002047853464793119
 0.003451388888888889 -5.576932846222845e-05
 0.003458333333333333 0.001052927366128671
 0.003465277777777778 0.0009249704347716492
 0.003472222222222222 -0.0002839308451094035
 0.003479166666666667 -0.002079129116462841
 0.003486111111111111 -0.003898971545089473
 0.003493055555555556 -0.005317310468923349
 0.0035 -0.006120917258446001
 0.003506944444444444 -0.006293026494587518
 0.003513888888888889 -0.005945824953370485
 0.003520833333333333 -0.005238189402457178
 0.003527777777777778 -0.004322603589558854
 0.003534722222222222 -0.003348271356383569
 0.003541666666666666 -0.002487872405490793
 0.003548611111111111 -0.001918117530260947
 0.003555555555555556 -0.001735184518675981
 0.0035625 -0.001880586004524935
 0.003569444444444445 -0.002171154929215253
 0.003576388888888889 -0.002428573733901272
 0.003583333333333333 -0.002595545280831957
 0.003590277777777778 -0.002736212080427397
 0.003597222222222222 -0.002938480709132837
 0.003604166666666667 -0.003227353997318459
 0.003611111111111111 -0.003561452690469283
 0.003618055555555555 -0.003874764170231697
 0.003625 -0.004080893790536188
 0.003631944444444445 -0.004031607525605189
 0.003638888888888889 -0.003518197400390183
 0.003645833333333333 -0.002389373990671963
 0.003652777777777778 -0.0007282947164747293
 0.003659722222222222 0.001072207350770043
 0.003666666666666667 0.002443515930825568
 0.003673611111111111 0.002920554067512596
 0.003680555555555555 0.002380284404529817
 0.0036875 0.001086902433909939
 0.003694444444444445 -0.0004665710391936528
 0.003701388888888889 -0.001804597122457723
 0.003708333333333333 -0.002656114164275446
 0.003715277777777778 -0.002995659740061966
 0.003722222222222222 -0.002954781408989378
 0.003729166666666667 -0.002698386148124787
 0.003736111111111111 -0.002362271963665012
 0.003743055555555555 -0.002073356515650063
 0.00375 -0.001987558377942034
 0.003756944444444444 -0.002261522120658286
 0.003763888888888889 -0.002945780467515118
 0.003770833333333334 -0.003885647482608803
 0.003777777777777778 -0.004743848770124656
 0.003784722222222222 -0.005173899007996965
 0.003791666666666667 -0.005039683177231294
 0.003798611111111111 -0.004514646414756059
 0.003805555555555556 -0.003969615041387256
 0.0038125 -0.003718042747633446
 0.003819444444444444 -0.003800842386435268
 0.003826388888888889 -0.003965776904244787
 0.003833333333333333 -0.003851968422558364
 0.003840277777777778 -0.003245313100520415
 0.003847222222222222 -0.002232916903622508
 0.003854166666666667 -0.00116720126442983
 0.003861111111111111 -0.0004766771297264091
 0.003868055555555556 -0.0004413913511522381
 0.003875 -0.001053119873660709
 0.003881944444444444 -0.002026593411289528
 0.003888888888888889 -0.002952882132583561
 0.003895833333333333 -0.003512424943456701
 0.003902777777777778 -0.003623492711765998
 0.003909722222222222 -0.003433005646958663
 0.003916666666666666 -0.003162373218753143
 0.003923611111111111 -0.002928321405648378
 0.003930555555555555 -0.002674335770749543
 0.0039375 -0.002256203372254872
 0.003944444444444445 -0.001604286526337112
 0.003951388888888889 -0.0008294507574257602
 0.003958333333333334 -0.0001815463638364136
 0.003965277777777778 0.0001224651474047485
 0.003972222222222222 7.492336126306351e-05
 0.003979166666666666 -9.747568670942961e-05
 0.003986111111111111 -0.0001168150168564098
 0.003993055555555555 7.804104427569488e-05
 0.004 0.0002108828586090751
 0.004006944444444444 -0.0001645893034962583
 0.004013888888888889 -0.001313528388247709
 0.004020833333333334 -0.003066592612553261
 0.004027777777777778 -0.004878015544687725
 0.004034722222222223 -0.00614897861090931
 0.004041666666666666 -0.006562996145105733
 0.004048611111111111 -0.006204582735669126
 0.004055555555555555 -0.005429655005440095
 0.0040625 -0.004624742282961316
 0.004069444444444444 -0.004014684456882837
 0.004076388888888889 -0.003601383270370349
 0.004083333333333333 -0.003234324121159565
 0.004090277777777778 -0.002758170585517605
 0.004097222222222223 -0.002145123718437424
 0.004104166666666667 -0.001520011531358733
 0.004111111111111111 -0.001054806998227153
 0.004118055555555555 -0.0008153464452213112
 0.004125 -0.0006933183870378554
 0.004131944444444444 -0.0004910072304223693
 0.004138888888888889 -9.456337373651095e-05
 0.004145833333333333 0.0004076345196505923
 0.004152777777777778 0.0007615542534254292
 0.004159722222222223 0.000715476036596346
 0.004166666666666667 0.0001972773157673818
 0.004173611111111111 -0.0006226378677952056
 0.004180555555555555 -0.00142018540495305
 0.0041875 -0.001890722419640991
 0.004194444444444444 -0.00189183406855859
 0.004201388888888889 -0.001482080122454771
 0.004208333333333333 -0.0008678465874089071
 0.004215277777777778 -0.0003196823774053533
 0.004222222222222222 -9.604493439447337e-05
 0.004229166666666667 -0.0003670314931370489
 0.004236111111111112 -0.001134522875320304
 0.004243055555555555 -0.002192251508864686
 0.00425 -0.003183071784469693
 0.004256944444444444 -0.003750523278381781
 0.004263888888888889 -0.003702733675642317
 0.004270833333333333 -0.00309188003742901
 0.004277777777777778 -0.002173470382571391
 0.004284722222222222 -0.001284196549581919
 0.004291666666666667 -0.0007087679211515976
 0.004298611111111111 -0.0005932488336636013
 0.004305555555555556 -0.0009297060588046681
 0.0043125 -0.001598944978683674
 0.004319444444444444 -0.002428029761811691
 0.004326388888888889 -0.003222317703960916
 0.004333333333333333 -0.003774220555372764
 0.004340277777777778 -0.003889952171364016
 0.004347222222222222 -0.003458594417527462
 0.004354166666666667 -0.002526443185818989
 0.004361111111111111 -0.001308268987914769
 0.004368055555555556 -0.0001117387482650117
 0.004375 0.0007741092292298291
 0.004381944444444444 0.001154534602141339
 0.004388888888888889 0.0009490320106058064
 0.004395833333333333 0.0001939714654882356
 0.004402777777777778 -0.0009388954434426812
 0.004409722222222222 -0.002134398518404333
 0.004416666666666667 -0.002998446943668436
 0.004423611111111111 -0.003212001719631138
 0.004430555555555556 -0.002698517468954509
 0.0044375 -0.001683481045053392
 0.004444444444444444 -0.0005858984897832546
 0.004451388888888889 0.0001945301455467923
 0.004458333333333333 0.0004530429200839271
 0.004465277777777778 0.000213049880916807
 0.004472222222222222 -0.000374226975365066
 0.004479166666666667 -0.001162123796504373
 0.004486111111111111 -0.002067566520355749
 0.004493055555555556 -0.003026241547519711
 0.0045 -0.003903887301132561
 0.004506944444444444 -0.004463608506386501
 0.004513888888888888 -0.004446831186104703
 0.004520833333333333 -0.003729446739218762
 0.004527777777777778 -0.00244341385368312
 0.004534722222222222 -0.0009707339949974909
 0.004541666666666667 0.0001961445417919243
 0.004548611111111111 0.0006542423588909085
 0.004555555555555556 0.00025861451929903
 0.0045625 -0.0008062560486133794
 0.004569444444444445 -0.002086252602868392
 0.004576388888888889 -0.003045061719100229
 0.004583333333333333 -0.003312330893859199
 0.004590277777777778 -0.002862619715228291
 0.004597222222222222 -0.002007612554513228
 0.004604166666666667 -0.001201251995504379
 0.004611111111111111 -0.000791861337775119
 0.004618055555555556 -0.0008781028831289568
 0.004625 -0.001319651552223671
 0.004631944444444445 -0.001840050013227316
 0.004638888888888889 -0.002146450628642002
 0.004645833333333333 -0.002044052193053
 0.004652777777777777 -0.001535022181859119
 0.004659722222222222 -0.0008474913942626343
 0.004666666666666667 -0.0003349147206920168
 0.004673611111111111 -0.0002755663292739402
 0.004680555555555556 -0.0007054519858360934
 0.0046875 -0.00141147812669234
 0.004694444444444445 -0.00208467505140909
 0.004701388888888889 -0.002506481552291332
 0.004708333333333333 -0.002632738283897125
 0.004715277777777777 -0.002544544567938105
 0.004722222222222222 -0.002343481724387528
 0.004729166666666666 -0.002087740262327037
 0.004736111111111111 -0.001800450124239501
 0.004743055555555556 -0.001509209350645628
 0.00475 -0.001260976801719897
 0.004756944444444445 -0.001098165581312274
 0.004763888888888889 -0.001028868275365885
 0.004770833333333334 -0.001029453052873918
 0.004777777777777777 -0.001080423121388132
 0.004784722222222222 -0.001198942404650186
 0.004791666666666666 -0.001434039752416807
 0.004798611111111111 -0.001828070811983621
 0.004805555555555556 -0.002378051631997093
 0.0048125 -0.003023787947432993
 0.004819444444444445 -0.003661759103128603
 0.004826388888888889 -0.004169355444167666
 0.004833333333333334 -0.004431981487594599
 0.004840277777777778 -0.004372995808360858
 0.004847222222222222 -0.003978363575406432
 0.004854166666666666 -0.003301023345045857
 0.004861111111111111 -0.002444206489744532
 0.004868055555555555 -0.001542968926936426
 0.004875 -0.0007559247687385611
 0.004881944444444445 -0.0002486346719728896
 0.004888888888888889 -0.0001430603929256233
 0.004895833333333334 -0.0004481418844455831
 0.004902777777777778 -0.001030761891015923
 0.004909722222222222 -0.001670772151439685
 0.004916666666666666 -0.002171804650973059
 0.004923611111111111 -0.002446822259769455
 0.004930555555555555 -0.002522341884002441
 0.0049375 -0.0024792323065484
 0.004944444444444444 -0.00239234037494138
 0.004951388888888889 -0.002310371241435658
 0.004958333333333334 -0.002268802513276698
 0.004965277777777778 -0.002304635178672309
 0.004972222222222222 -0.002452561285064384
 0.004979166666666666 -0.002723645890820923
 0.004986111111111111 -0.003081110796664361
 0.004993055555555555 -0.003431580906552665
 0.005 -0.003645615973192182
 0.005006944444444444 -0.003606978699422683
 0.005013888888888889 -0.003269579923108473
 0.005020833333333334 -0.002688112081114639
 0.005027777777777778 -0.00199831456514995
 0.005034722222222223 -0.001355550518988445
 0.005041666666666667 -0.0008716776120810073
 0.005048611111111111 -0.0005892216869412859
 0.005055555555555555 -0.0004963248944901277
 0.0050625 -0.0005522456243754945
 0.005069444444444444 -0.0006979149392047033
 0.005076388888888889 -0.000859991308786548
 0.005083333333333333 -0.0009733368359099408
 0.005090277777777778 -0.001020609685223621
 0.005097222222222223 -0.001050779824097971
 0.005104166666666667 -0.001143085336570743
 0.005111111111111111 -0.00133443490005969
 0.005118055555555555 -0.001572418432500714
 0.005125 -0.001740726548763738
 0.005131944444444444 -0.001739887688735218
 0.005138888888888889 -0.001556943646746589
 0.005145833333333333 -0.001270363114760696
 0.005152777777777778 -0.0009951481956150018
 0.005159722222222222 -0.0008189888084047985
 0.005166666666666667 -0.0007738756961597997
 0.005173611111111111 -0.0008452405107712763
 0.005180555555555555 -0.0009907634440910545
 0.0051875 -0.001149077397384377
 0.005194444444444444 -0.001244861887881012
 0.005201388888888889 -0.001206417188033441
 0.005208333333333333 -0.0009963319658168454
 0.005215277777777778 -0.0006369112075874179
 0.005222222222222222 -0.0002108309753216534
 0.005229166666666667 0.0001671665903248019
 0.005236111111111112 0.0003951341939362067
 0.005243055555555555 0.000425238610278031
 0.00525 0.0002828431698108934
 0.005256944444444444 5.340187645268882e-05
 0.005263888888888889 -0.000157485442701143
 0.005270833333333333 -0.0002697172549549774
 0.005277777777777778 -0.0002552563214277517
 0.005284722222222222 -0.0001357959097902738
 0.005291666666666667 3.71009236793715e-05
 0.005298611111111111 0.0002019053235409642
 0.005305555555555556 0.0003023466381215702
 0.0053125 0.0003041133289872305
 0.005319444444444444 0.0002111147629415314
 0.005326388888888889 6.512952963664306e-05
 0.005333333333333333 -8.171639677251971e-05
 0.005340277777777778 -0.0002060021689923176
 0.005347222222222222 -0.0003308714990363035
 0.005354166666666667 -0.0005048124444260369
 0.005361111111111111 -0.0007571356439619488
 0.005368055555555556 -0.001065315314909722
 0.005375 -0.001358167574271936
 0.005381944444444444 -0.001550532111312597
 0.005388888888888889 -0.001584333475093928
 0.005395833333333333 -0.001450923939638997
 0.005402777777777778 -0.00118637285269246
 0.005409722222222222 -0.0008503030838819537
 0.005416666666666667 -0.0005055971187486584
 0.005423611111111111 -0.0002074176781397559
 0.005430555555555556 2.951865079144651e-06
 0.0054375 0.0001058738861833723
 0.005444444444444444 0.0001094255937203233
 0.005451388888888889 4.430150869442325e-05
 0.005458333333333333 -5.341713800034328e-05
 0.005465277777777778 -0.0001584438533490323
 0.005472222222222222 -0.0002571431642826143
 0.005479166666666667 -0.0003349429975740358
 0.005486111111111111 -0.0003682622524098762
 0.005493055555555556 -0.0003352905307345
 0.0055 -0.0002381386169449838
 0.005506944444444445 -0.0001122731137368005
 0.005513888888888888 -8.263504786567272e-06
 0.005520833333333333 4.138582446089776e-05
 0.005527777777777778 4.08187257360226e-05
 0.005534722222222222 1.891054247762288e-05
 0.005541666666666667 4.966060151082119e-07
 0.005548611111111111 -1.191370594736217e-05
 0.005555555555555556 -3.30763824450136e-05
 0.0055625 -7.707228163755441e-05
 0.005569444444444445 -0.0001443508277126496
 0.005576388888888889 -0.0002212751033061739
 0.005583333333333333 -0.0002882914440847182
 0.005590277777777777 -0.0003304780704426899
 0.005597222222222222 -0.0003456181326151593
 0.005604166666666667 -0.0003445220718889938
 0.005611111111111111 -0.0003407636087105687
 0.005618055555555556 -0.0003364581614671074
 0.005625 -0.0003183927185598371
 0.005631944444444445 -0.0002718562830156084
 0.005638888888888889 -0.000200913527851348
 0.005645833333333333 -0.0001336743574757459
 0.005652777777777777 -0.0001034244232798318
 0.005659722222222222 -0.0001206185928004912
 0.005666666666666667 -0.0001617459332743689
 0.005673611111111111 -0.0001871466865928398
 0.005680555555555556 -0.000174055153209607
 0.0056875 -0.0001368893136034824
 0.005694444444444445 -0.0001165185815686912
 0.005701388888888889 -0.0001462818183618568
 0.005708333333333333 -0.0002232478156281328
 0.005715277777777777 -0.0003094303542879822
 0.005722222222222222 -0.0003609146410082009
 0.005729166666666666 -0.0003579157373936519
 0.005736111111111111 -0.0003107333573118411
 0.005743055555555556 -0.0002426835571763383
 0.00575 -0.0001723614293852274
 0.005756944444444445 -0.0001117999549583137
 0.005763888888888889 -7.423906175359756e-05
 0.005770833333333334 -7.386253007788474e-05
 0.005777777777777778 -0.0001123106793971753
 0.005784722222222222 -0.0001662056590955025
 0.005791666666666666 -0.0001926178740167592
 0.005798611111111111 -0.0001526877101779027
 0.005805555555555555 -3.66611036905971e-05
 0.0058125 0.0001267585397859722
 0.005819444444444445 0.0002809813956618033
 0.005826388888888889 0.0003650933324549692
 0.005833333333333334 0.0003403430472798523
 0.005840277777777778 0.000209044869014145
 0.005847222222222222 1.51885261425496e-05
 0.005854166666666666 -0.0001773619526380817
 0.005861111111111111 -0.0003177979935195809
 0.005868055555555555 -0.0003899125375249599
 0.005875 -0.0004074688948871268
 0.005881944444444445 -0.0003908814693715859
 0.005888888888888889 -0.0003477788898933669
 0.005895833333333334 -0.0002732172285188978
 0.005902777777777778 -0.0001651417433276169
 0.005909722222222222 -3.77488303236565e-05
 0.005916666666666666 7.996719139914724e-05
 0.005923611111111111 0.000158511147739167
 0.005930555555555555 0.0001828580585919764
 0.0059375 0.0001577599182882599
 0.005944444444444444 0.0001027090792286116
 0.005951388888888889 4.298370903336932e-05
 0.005958333333333334 1.700173103144738e-06
 0.005965277777777778 -7.719047580236722e-06
 0.005972222222222223 1.054758118982084e-05
 0.005979166666666666 3.184479905563607e-05
 0.005986111111111111 2.109479655348193e-05
 0.005993055555555555 -4.532699818015278e-05
 0.006 -0.0001603172715627081
 0.006006944444444444 -0.0002859045110496716
 0.006013888888888889 -0.0003747056660295225
 0.006020833333333334 -0.0003977428180920881
 0.006027777777777778 -0.0003586641178186422
 0.006034722222222223 -0.000286158762984289
 0.006041666666666667 -0.0002130307981195636
 0.006048611111111111 -0.0001581015759203189
 0.006055555555555555 -0.0001216342183279718
 0.0060625 -9.301617340829541e-05
 0.006069444444444444 -6.127068906777749e-05
 0.006076388888888889 -2.01658483035918e-05
 0.006083333333333333 3.255497874662793e-05
 0.006090277777777778 9.623686392646066e-05
 0.006097222222222223 0.0001647307420099576
 0.006104166666666667 0.0002232057073862489
 0.006111111111111111 0.0002510531527465702
 0.006118055555555555 0.0002324544362314746
 0.006125 0.0001671497177927547
 0.006131944444444444 7.174193978086038e-05
 0.006138888888888889 -2.965099657915705e-05
 0.006145833333333333 -0.0001165238946494045
 0.006152777777777778 -0.0001762490568543116
 0.006159722222222222 -0.0002025888422990782
 0.006166666666666667 -0.0001957114080971167
 0.006173611111111111 -0.0001655208690928372
 0.006180555555555555 -0.0001314731681689137
 0.0061875 -0.0001134062786704444
 0.006194444444444444 -0.0001186828224530939
 0.006201388888888889 -0.0001373123202165011
 0.006208333333333333 -0.0001501317533201106
 0.006215277777777778 -0.000142975215469249
 0.006222222222222222 -0.0001152271961704922
 0.006229166666666667 -7.75511282954598e-05
 0.006236111111111112 -4.28958068462222e-05
 0.006243055555555556 -1.867604493659769e-05
 0.00625 -5.153145753250495e-06
 0.006256944444444444 5.139682702467786e-07
 0.006263888888888889 -7.553208727282197e-07
 0.006270833333333333 -1.093287739139339e-05
 0.006277777777777778 -3.07373840989085e-05
 0.006284722222222222 -5.471164433332996e-05
 0.006291666666666667 -7.144185071446866e-05
 0.006298611111111111 -7.022381630444886e-05
 0.006305555555555556 -4.889557411580549e-05
 0.0063125 -1.595441296427134e-05
 0.006319444444444444 1.476430988521838e-05
 0.006326388888888889 3.211507351026072e-05
 0.006333333333333333 3.222940818988238e-05
 0.006340277777777778 1.760364783064021e-05
 0.006347222222222222 -6.622998551635128e-06
 0.006354166666666667 -3.539131313331597e-05
 0.006361111111111111 -6.404523718777317e-05
 0.006368055555555556 -8.765632483904446e-05
 0.006375 -0.0001013679139518157
 0.006381944444444444 -0.000102176908953302
 0.006388888888888889 -9.069072369636836e-05
 0.006395833333333333 -7.113634792854857e-05
 0.006402777777777778 -4.938191816502881e-05
 0.006409722222222222 -3.036154130246672e-05
 0.006416666666666667 -1.654238107243251e-05
 0.006423611111111111 -7.990912143442734e-06
 0.006430555555555556 -3.423767350270855e-06
 0.0064375 -1.301624847537468e-06
 0.006444444444444444 -4.392183179024681e-07
 0.006451388888888889 -1.315830307228514e-07
 0.006458333333333333 -3.500476685119507e-08
 0.006465277777777778 -8.270215417507668e-09
 0.006472222222222222 -1.735385716775217e-09
 0.006479166666666667 -3.234196785743533e-10
 0.006486111111111111 -5.353180728709194e-11
 0.006493055555555556 -7.868545650743325e-12
 0.0065 -1.026822307753926e-12
 0.006506944444444445 -1.190279814239305e-13
 0.006513888888888889 -1.207021949837378e-14
 0.006520833333333333 -1.799945012915388e-15
 0.006527777777777778 -7.411538288475128e-16
 0.006534722222222222 9.132073962585426e-16
 0.006541666666666667 -6.617444900424221e-16
 0.006548611111111111 -5.029258124322408e-16
 0.006555555555555556 -9.793818452627848e-16
 0.0065625 -6.749793798432706e-16
 0.006569444444444445 2.646977960169689e-16
 0.006576388888888889 6.352747104407253e-16
 0.006583333333333333 6.352747104407253e-16
 0.006590277777777777 0
 0.006597222222222222 1.482307657695026e-15
 0.006604166666666667 2.646977960169689e-17
 0.006611111111111111 7.411538288475128e-16
 0.006618055555555556 7.146840492458159e-16
 0.006625 5.558653716356346e-16
 0.006631944444444445 8.470329472543003e-16
 0.006638888888888889 1.270549420881451e-15
 0.006645833333333333 -7.940933880509066e-17
 0.006652777777777777 5.823351512373315e-16
 0.006659722222222222 1.164670302474663e-15
 0.006666666666666667 5.09543257332665e-16
 0.006673611111111111 1.111730743271269e-15
 0.006680555555555556 6.617444900424221e-16
 0.0066875 4.896909226313924e-16
 0.006694444444444445 1.323488980084844e-16
 0.006701388888888889 -7.940933880509066e-17
 0.006708333333333334 -2.646977960169689e-16
 0.006715277777777777 -9.529120656610879e-16
 0.006722222222222222 1.852884572118782e-16
 0.006729166666666666 3.441071348220595e-16
 0.006736111111111111 7.411538288475128e-16
 0.006743055555555556 1.164670302474663e-15
 0.00675 1.164670302474663e-15
 0.006756944444444445 4.235164736271502e-16
 0.006763888888888889 2.117582368135751e-16
 0.006770833333333334 -2.117582368135751e-16
 0.006777777777777778 5.293955920339377e-17
 0.006784722222222222 0
 0.006791666666666666 -4.235164736271502e-16
 0.006798611111111111 -1.058791184067875e-16
 0.006805555555555555 7.411538288475128e-16
 0.0068125 -1.058791184067875e-16
 0.006819444444444445 2.117582368135751e-16
 0.006826388888888889 1.164670302474663e-15
 0.006833333333333334 1.164670302474663e-15
 0.006840277777777778 8.470329472543003e-16
 0.006847222222222222 -4.235164736271502e-16
 0.006854166666666666 -4.235164736271502e-16
 0.006861111111111111 -2.117582368135751e-16
 0.006868055555555555 -6.352747104407253e-16
 0.006875 -4.235164736271502e-16
 0.006881944444444445 -4.235164736271502e-16
 0.006888888888888889 1.270549420881451e-15
 0.006895833333333334 0
 0.006902777777777778 4.235164736271502e-16
 0.006909722222222222 0
 0.006916666666666666 -1.694065894508601e-15
 0.006923611111111111 -2.541098841762901e-15
 0.006930555555555555 -8.470329472543003e-16
 0.0069375 0
 0.006944444444444444 -8.470329472543003e-16
 0.006951388888888889 -1.694065894508601e-15
 0.006958333333333334 0
 0.006965277777777778 0
 0.006972222222222223 -1.694065894508601e-15
 0.006979166666666667 -3.388131789017201e-15
 0.006986111111111111 3.388131789017201e-15
 0.006993055555555555 8.470329472543003e-16
 0.007 8.470329472543003e-16
 0.007006944444444444 6.617444900424221e-17
 0.007013888888888889 -4.235164736271502e-16
 0.007020833333333333 0
 0.007027777777777778 -1.694065894508601e-15
 0.007034722222222223 -8.470329472543003e-16
 0.007041666666666667 0
 0.007048611111111111 -8.470329472543003e-16
 0.007055555555555555 0
 0.0070625 1.694065894508601e-15
 0.007069444444444444 2.541098841762901e-15
 0.007076388888888889 -8.470329472543003e-16
 0.007083333333333333 8.470329472543003e-16
 0.007090277777777778 8.470329472543003e-16
 0.007097222222222223 4.235164736271502e-16
 0.007104166666666667 8.470329472543003e-16


