# Created by Octave 3.8.2, Fri Oct 22 15:01:42 2021 CEST <ceciles@pola>
# name: tp
# type: matrix
# rows: 2048
# columns: 2
 -0.001024 -1.676448348374307e-08
 -0.001023 -1.661581397806794e-08
 -0.001022 -1.646846286594033e-08
 -0.001021 -1.632241845764381e-08
 -0.00102 -1.617766916934109e-08
 -0.001019 -1.603420351314782e-08
 -0.001018 -1.589201010871314e-08
 -0.001017 -1.575107766833039e-08
 -0.001016 -1.561139502009824e-08
 -0.001015 -1.547295107111107e-08
 -0.001014 -1.533573484199382e-08
 -0.001013 -1.519973544601565e-08
 -0.001012 -1.506494208702201e-08
 -0.001011 -1.493134407680539e-08
 -0.00101 -1.479893081091036e-08
 -0.001009 -1.466769178745186e-08
 -0.001008 -1.453761658395415e-08
 -0.001007 -1.440869489705555e-08
 -0.001006 -1.42809164796426e-08
 -0.001005 -1.415427119709846e-08
 -0.001004 -1.402874901075921e-08
 -0.001003 -1.390433995475283e-08
 -0.001002 -1.378103415585152e-08
 -0.001001 -1.365882183347173e-08
 -0.001 -1.353769328974795e-08
 -0.0009990000000000001 -1.341763891284146e-08
 -0.000998 -1.32986491868665e-08
 -0.0009970000000000001 -1.31807146554943e-08
 -0.0009959999999999999 -1.306382596165778e-08
 -0.000995 -1.294797385416896e-08
 -0.0009940000000000001 -1.283314911823582e-08
 -0.000993 -1.271934264163674e-08
 -0.000992 -1.260654541141176e-08
 -0.0009909999999999999 -1.249474846423175e-08
 -0.00099 -1.238394293602928e-08
 -0.0009890000000000001 -1.227412003056572e-08
 -0.0009879999999999999 -1.216527103762921e-08
 -0.000987 -1.205738732145415e-08
 -0.0009859999999999999 -1.195046031906685e-08
 -0.000985 -1.184448154524859e-08
 -0.0009840000000000001 -1.173944259418997e-08
 -0.0009829999999999999 -1.163533513452787e-08
 -0.000982 -1.153215090272797e-08
 -0.0009810000000000001 -1.142988170804785e-08
 -0.00098 -1.132851944080877e-08
 -0.0009790000000000001 -1.1228056059988e-08
 -0.0009779999999999999 -1.112848358991008e-08
 -0.000977 -1.102979413100016e-08
 -0.000976 -1.093197985399374e-08
 -0.000975 -1.083503299828231e-08
 -0.000974 -1.073894587149977e-08
 -0.000973 -1.064371084704087e-08
 -0.000972 -1.054932037191943e-08
 -0.000971 -1.045576695518783e-08
 -0.0009700000000000001 -1.036304317496802e-08
 -0.000969 -1.027114167100691e-08
 -0.000968 -1.018005515667049e-08
 -0.000967 -1.008977639991865e-08
 -0.000966 -1.000029824067603e-08
 -0.000965 -9.911613576356279e-09
 -0.000964 -9.82371537426984e-09
 -0.000963 -9.736596656941449e-09
 -0.000962 -9.650250514724654e-09
 -0.000961 -9.564670095048466e-09
 -0.00096 -9.479848605777778e-09
 -0.000959 -9.395779319090777e-09
 -0.000958 -9.312455562431654e-09
 -0.000957 -9.229870729160556e-09
 -0.000956 -9.148018259864472e-09
 -0.000955 -9.066891666242074e-09
 -0.000954 -8.986484506986234e-09
 -0.000953 -8.906790403629701e-09
 -0.000952 -8.827803032228057e-09
 -0.000951 -8.749516126765378e-09
 -0.00095 -8.671923473880955e-09
 -0.000949 -8.595018920649961e-09
 -0.0009479999999999999 -8.51879636047615e-09
 -0.000947 -8.443249748827668e-09
 -0.000946 -8.368373089859994e-09
 -0.000945 -8.294160444597277e-09
 -0.000944 -8.220605921704097e-09
 -0.000943 -8.147703684438957e-09
 -0.000942 -8.07544795055088e-09
 -0.000941 -8.003832988557101e-09
 -0.00094 -7.932853113296968e-09
 -0.0009389999999999999 -7.862502692807884e-09
 -0.000938 -7.792776145998858e-09
 -0.000937 -7.723667941616531e-09
 -0.000936 -7.655172592558309e-09
 -0.000935 -7.587284668590268e-09
 -0.000934 -7.519998780630716e-09
 -0.000933 -7.453309589435593e-09
 -0.000932 -7.387211804564498e-09
 -0.000931 -7.321700181795745e-09
 -0.0009300000000000001 -7.256769521678797e-09
 -0.000929 -7.192414674393956e-09
 -0.000928 -7.12863053044658e-09
 -0.000927 -7.06541203080004e-09
 -0.000926 -7.002754160878669e-09
 -0.000925 -6.940651946845444e-09
 -0.000924 -6.879100459324299e-09
 -0.000923 -6.818094820431162e-09
 -0.000922 -6.757630185369185e-09
 -0.0009210000000000001 -6.697701756077225e-09
 -0.00092 -6.638304780816253e-09
 -0.000919 -6.579434541348056e-09
 -0.000918 -6.521086374028339e-09
 -0.000917 -6.463255641268999e-09
 -0.000916 -6.405937760075851e-09
 -0.000915 -6.349128180955527e-09
 -0.000914 -6.292822396187278e-09
 -0.000913 -6.237015936514255e-09
 -0.0009120000000000001 -6.181704375693e-09
 -0.000911 -6.126883324703183e-09
 -0.00091 -6.072548432574782e-09
 -0.000909 -6.018695393005528e-09
 -0.000908 -5.965319926990111e-09
 -0.000907 -5.912417797709435e-09
 -0.000906 -5.85998481880242e-09
 -0.000905 -5.808016817970056e-09
 -0.000904 -5.756509670889808e-09
 -0.000903 -5.70545930452434e-09
 -0.000902 -5.654861655762484e-09
 -0.000901 -5.604712711123907e-09
 -0.0009 -5.55500850014167e-09
 -0.000899 -5.505745072201166e-09
 -0.000898 -5.45691851804682e-09
 -0.000897 -5.408524966473367e-09
 -0.000896 -5.360560573704977e-09
 -0.000895 -5.313021534429721e-09
 -0.000894 -5.265904083298831e-09
 -0.000893 -5.219204471726875e-09
 -0.000892 -5.172919002743194e-09
 -0.000891 -5.127043999063062e-09
 -0.0008899999999999999 -5.081575819650679e-09
 -0.000889 -5.036510860772538e-09
 -0.000888 -4.991845544625304e-09
 -0.000887 -4.947576327379827e-09
 -0.000886 -4.903699696481892e-09
 -0.000885 -4.86021217054123e-09
 -0.000884 -4.81711029875801e-09
 -0.000883 -4.774390660927224e-09
 -0.000882 -4.732049869109667e-09
 -0.0008809999999999999 -4.69008456136343e-09
 -0.00088 -4.648491410138009e-09
 -0.000879 -4.60726711357397e-09
 -0.000878 -4.566408401427298e-09
 -0.000877 -4.525912028371185e-09
 -0.000876 -4.485774785041788e-09
 -0.000875 -4.445993486386622e-09
 -0.000874 -4.406564974385204e-09
 -0.000873 -4.367486123693917e-09
 -0.0008720000000000001 -4.328753828934569e-09
 -0.000871 -4.290365017544775e-09
 -0.00087 -4.252316648104208e-09
 -0.000869 -4.214605698146608e-09
 -0.000868 -4.177229173678824e-09
 -0.000867 -4.140184111636503e-09
 -0.000866 -4.103467570946666e-09
 -0.000865 -4.067076642628356e-09
 -0.000864 -4.03100843366908e-09
 -0.0008630000000000001 -3.995260086263218e-09
 -0.000862 -3.959828758838572e-09
 -0.000861 -3.924711645482181e-09
 -0.00086 -3.889905958117167e-09
 -0.000859 -3.85540893306848e-09
 -0.000858 -3.821217833854633e-09
 -0.000857 -3.787329948538138e-09
 -0.000856 -3.753742587683405e-09
 -0.000855 -3.720453087574992e-09
 -0.000854 -3.687458802798826e-09
 -0.000853 -3.654757120407675e-09
 -0.000852 -3.622345440637496e-09
 -0.000851 -3.590221197884223e-09
 -0.00085 -3.55838183584957e-09
 -0.000849 -3.526824834372704e-09
 -0.000848 -3.495547683296509e-09
 -0.000847 -3.4645479094285e-09
 -0.000846 -3.433823044797774e-09
 -0.000845 -3.403370656795394e-09
 -0.000844 -3.373188324625599e-09
 -0.000843 -3.343273659183985e-09
 -0.000842 -3.313624280930425e-09
 -0.000841 -3.284237841266513e-09
 -0.00084 -3.255112004621942e-09
 -0.000839 -3.226244463912435e-09
 -0.000838 -3.19763292802864e-09
 -0.000837 -3.169275122611614e-09
 -0.000836 -3.141168801891844e-09
 -0.000835 -3.11331173524756e-09
 -0.000834 -3.085701712141974e-09
 -0.000833 -3.058336540132871e-09
 -0.0008319999999999999 -3.031214046633604e-09
 -0.000831 -3.00433208470901e-09
 -0.00083 -2.977688515671498e-09
 -0.000829 -2.951281231859213e-09
 -0.000828 -2.925108131209925e-09
 -0.000827 -2.899167140525483e-09
 -0.000826 -2.873456199934715e-09
 -0.000825 -2.847973273323656e-09
 -0.000824 -2.822716329326555e-09
 -0.0008229999999999999 -2.797683376397034e-09
 -0.000822 -2.772872417561556e-09
 -0.000821 -2.748281490600689e-09
 -0.00082 -2.723908640548179e-09
 -0.000819 -2.699751935985766e-09
 -0.000818 -2.675809457319868e-09
 -0.000817 -2.652079309844222e-09
 -0.000816 -2.628559601188597e-09
 -0.000815 -2.605248479752157e-09
 -0.0008140000000000001 -2.582144080431493e-09
 -0.000813 -2.559244579000682e-09
 -0.000812 -2.536548157475113e-09
 -0.000811 -2.514053013160954e-09
 -0.00081 -2.491757359334349e-09
 -0.000809 -2.469659433865527e-09
 -0.000808 -2.447757472789406e-09
 -0.000807 -2.426049748202428e-09
 -0.000806 -2.404534530469123e-09
 -0.0008050000000000001 -2.383210120423998e-09
 -0.000804 -2.362074815016069e-09
 -0.000803 -2.341126947199329e-09
 -0.000802 -2.320364847837201e-09
 -0.000801 -2.299786877380162e-09
 -0.0008 -2.2793913893559e-09
 -0.000799 -2.259176783439731e-09
 -0.000798 -2.2391414395645e-09
 -0.000797 -2.219283779613384e-09
 -0.000796 -2.199602216188014e-09
 -0.000795 -2.180095202993789e-09
 -0.000794 -2.160761174698027e-09
 -0.000793 -2.141598614151319e-09
 -0.000792 -2.1226059855313e-09
 -0.000791 -2.103781795767268e-09
 -0.00079 -2.085124536475992e-09
 -0.000789 -2.066632743305449e-09
 -0.000788 -2.048304932403478e-09
 -0.000787 -2.030139666223881e-09
 -0.000786 -2.012135488469952e-09
 -0.000785 -1.99429098231378e-09
 -0.000784 -1.976604720639394e-09
 -0.000783 -1.959075312700924e-09
 -0.000782 -1.941701352814776e-09
 -0.000781 -1.924481479868179e-09
 -0.00078 -1.907414306207493e-09
 -0.000779 -1.890498501862003e-09
 -0.000778 -1.873732700342261e-09
 -0.000777 -1.857115595355597e-09
 -0.000776 -1.840645843948437e-09
 -0.000775 -1.82432216043654e-09
 -0.0007739999999999999 -1.808143228439509e-09
 -0.000773 -1.79210779569637e-09
 -0.000772 -1.776214551125851e-09
 -0.000771 -1.760462270461872e-09
 -0.00077 -1.744849663270366e-09
 -0.000769 -1.729375537629307e-09
 -0.000768 -1.71403862035102e-09
 -0.000767 -1.698837738693728e-09
 -0.000766 -1.683771635732662e-09
 -0.0007649999999999999 -1.668839174097306e-09
 -0.000764 -1.65403910579749e-09
 -0.000763 -1.639370317561201e-09
 -0.000762 -1.624831592580313e-09
 -0.000761 -1.610421827965787e-09
 -0.00076 -1.596139827787122e-09
 -0.000759 -1.581984509137872e-09
 -0.000758 -1.567954700788046e-09
 -0.000757 -1.554049336596144e-09
 -0.0007560000000000001 -1.540267269051016e-09
 -0.000755 -1.52660737401855e-09
 -0.000754 -1.513066077934612e-09
 -0.000753 -1.49958191903569e-09
 -0.000752 -1.485193505573712e-09
 -0.000751 -1.459753228872089e-09
 -0.00075 -1.350719983294562e-09
 -0.000749 -8.012887357795045e-10
 -0.000748 1.418443939986351e-09
 -0.0007470000000000001 8.352799072822582e-09
 -0.000746 2.561347651244484e-08
 -0.000745 6.134489161668991e-08
 -0.000744 1.256065977033654e-07
 -0.000743 2.296791916426639e-07
 -0.000742 3.845259274623289e-07
 -0.000741 5.97186444919983e-07
 -0.00074 8.667947810909914e-07
 -0.000739 1.184043379722792e-06
 -0.000738 1.535012396074761e-06
 -0.000737 1.906701382881089e-06
 -0.000736 2.290638999938599e-06
 -0.000735 2.682049544676721e-06
 -0.000734 3.076291037624985e-06
 -0.000733 3.466824904808887e-06
 -0.000732 3.845862838141796e-06
 -0.000731 4.206355879278209e-06
 -0.00073 4.543265614357354e-06
 -0.000729 4.85313148490662e-06
 -0.000728 5.13494666631977e-06
 -0.000727 5.391660851103731e-06
 -0.000726 5.626470736253224e-06
 -0.000725 5.83691268523609e-06
 -0.000724 6.016179662503533e-06
 -0.000723 6.160911608591651e-06
 -0.000722 6.274816632693199e-06
 -0.000721 6.364034830657342e-06
 -0.00072 6.432547322583619e-06
 -0.000719 6.483991450270829e-06
 -0.000718 6.525073193796378e-06
 -0.000717 6.563085206579721e-06
 -0.0007159999999999999 6.598997059690137e-06
 -0.000715 6.625496410521344e-06
 -0.000714 6.632993370323766e-06
 -0.000713 6.614902139198668e-06
 -0.000712 6.565533977376803e-06
 -0.000711 6.476993665267541e-06
 -0.00071 6.343665333640484e-06
 -0.000709 6.170560233729172e-06
 -0.000708 5.975192794738669e-06
 -0.0007069999999999999 5.780525920347543e-06
 -0.000706 5.605517944417145e-06
 -0.000705 5.458718924425765e-06
 -0.000704 5.338254641203483e-06
 -0.000703 5.238201252204191e-06
 -0.000702 5.153477013094152e-06
 -0.000701 5.081282925480106e-06
 -0.0007 5.023671507822557e-06
 -0.000699 4.985436505886614e-06
 -0.0006980000000000001 4.963627824279641e-06
 -0.000697 4.941224630654524e-06
 -0.000696 4.894904807206948e-06
 -0.000695 4.81088138822927e-06
 -0.000694 4.697284956869154e-06
 -0.000693 4.582504334342502e-06
 -0.000692 4.496666500642319e-06
 -0.000691 4.451831195089979e-06
 -0.00069 4.439782716168704e-06
 -0.0006890000000000001 4.446238521722964e-06
 -0.000688 4.462841819442613e-06
 -0.000687 4.484068202818871e-06
 -0.000686 4.498024052145846e-06
 -0.000685 4.489709844225579e-06
 -0.000684 4.455697439229825e-06
 -0.000683 4.405936280428626e-06
 -0.000682 4.347194870836436e-06
 -0.000681 4.276232511484151e-06
 -0.00068 4.193244241926129e-06
 -0.000679 4.109695657093328e-06
 -0.000678 4.037377017155578e-06
 -0.000677 3.977618845717405e-06
 -0.000676 3.923976416256371e-06
 -0.000675 3.870558326195506e-06
 -0.000674 3.816346113695351e-06
 -0.000673 3.762688034143581e-06
 -0.000672 3.710559484073855e-06
 -0.000671 3.665388131126613e-06
 -0.00067 3.639428817134548e-06
 -0.000669 3.640324779400156e-06
 -0.000668 3.66044315380666e-06
 -0.0006669999999999999 3.684844130666912e-06
 -0.000666 3.706693435921546e-06
 -0.000665 3.729778936252438e-06
 -0.000664 3.760226150006627e-06
 -0.000663 3.800518536310752e-06
 -0.000662 3.849914818845189e-06
 -0.000661 3.90681886435938e-06
 -0.00066 3.966855732466419e-06
 -0.000659 4.019303597910752e-06
 -0.0006579999999999999 4.051663476456457e-06
 -0.000657 4.06063976295559e-06
 -0.000656 4.055976363541654e-06
 -0.000655 4.052886843995255e-06
 -0.000654 4.061376907546907e-06
 -0.000653 4.079850539856834e-06
 -0.000652 4.099371180935895e-06
 -0.000651 4.116599511276903e-06
 -0.00065 4.135772152444125e-06
 -0.0006489999999999999 4.155183067542085e-06
 -0.000648 4.163916796196907e-06
 -0.000647 4.157610665517911e-06
 -0.000646 4.147945549430412e-06
 -0.000645 4.148995018055091e-06
 -0.000644 4.157891751665452e-06
 -0.000643 4.156900107073434e-06
 -0.000642 4.134434463623174e-06
 -0.000641 4.09712977474869e-06
 -0.0006400000000000001 4.05983942730521e-06
 -0.000639 4.029825475932652e-06
 -0.000638 4.005176654229722e-06
 -0.000637 3.984751116913984e-06
 -0.000636 3.974364465405056e-06
 -0.000635 3.985390307879814e-06
 -0.000634 4.028060195038423e-06
 -0.000633 4.103411955678854e-06
 -0.000632 4.205357505065885e-06
 -0.0006310000000000001 4.328865698641571e-06
 -0.00063 4.465463868056249e-06
 -0.000629 4.592737453218969e-06
 -0.000628 4.680015982983849e-06
 -0.000627 4.707368504466343e-06
 -0.000626 4.676901161150758e-06
 -0.000625 4.607989303754029e-06
 -0.000624 4.5261015150809e-06
 -0.000623 4.455136942991309e-06
 -0.000622 4.410724321504545e-06
 -0.000621 4.392480920499105e-06
 -0.00062 4.384491813120927e-06
 -0.000619 4.365608337927541e-06
 -0.000618 4.321527360372792e-06
 -0.000617 4.256655327327421e-06
 -0.000616 4.198052622339512e-06
 -0.000615 4.180056728669174e-06
 -0.000614 4.223229957765637e-06
 -0.000613 4.329670380334883e-06
 -0.000612 4.486289402129188e-06
 -0.000611 4.66298511233519e-06
 -0.00061 4.817513244240744e-06
 -0.0006089999999999999 4.913717057591811e-06
 -0.000608 4.940299163616914e-06
 -0.000607 4.912406401870594e-06
 -0.000606 4.852494239801389e-06
 -0.000605 4.776959484046059e-06
 -0.000604 4.704778300118522e-06
 -0.000603 4.659266753655261e-06
 -0.000602 4.647895185309396e-06
 -0.000601 4.652703380072855e-06
 -0.0005999999999999999 4.64550983158745e-06
 -0.000599 4.602259974739401e-06
 -0.000598 4.508311976004202e-06
 -0.000597 4.368038611221686e-06
 -0.000596 4.212954419563642e-06
 -0.000595 4.09097153428138e-06
 -0.000594 4.038516837954394e-06
 -0.000593 4.057816044982211e-06
 -0.000592 4.118383664447943e-06
 -0.0005910000000000001 4.179997135175571e-06
 -0.00059 4.21937472722436e-06
 -0.000589 4.241829656758962e-06
 -0.000588 4.272078275551455e-06
 -0.000587 4.335839765916867e-06
 -0.000586 4.446513542623216e-06
 -0.000585 4.60508166640599e-06
 -0.000584 4.807674149305224e-06
 -0.000583 5.042081017139837e-06
 -0.0005820000000000001 5.276698022473974e-06
 -0.000581 5.467557310659305e-06
 -0.00058 5.577769631192516e-06
 -0.000579 5.586298856354141e-06
 -0.000578 5.497269458584054e-06
 -0.000577 5.352761925090218e-06
 -0.000576 5.213968154773846e-06
 -0.000575 5.117057405764556e-06
 -0.000574 5.061440679630859e-06
 -0.0005730000000000001 5.038938044702938e-06
 -0.000572 5.052081937103391e-06
 -0.000571 5.101210063434498e-06
 -0.00057 5.172753551541821e-06
 -0.000569 5.246556084002153e-06
 -0.000568 5.308017554873185e-06
 -0.000567 5.356853198256665e-06
 -0.000566 5.408372803256587e-06
 -0.000565 5.478803775284555e-06
 -0.000564 5.565545979377839e-06
 -0.000563 5.646333642675568e-06
 -0.000562 5.697867111753675e-06
 -0.000561 5.711935365682284e-06
 -0.00056 5.696365002987123e-06
 -0.000559 5.669574179006994e-06
 -0.000558 5.658251615598683e-06
 -0.000557 5.687477027550736e-06
 -0.000556 5.758914593230117e-06
 -0.000555 5.842615734741143e-06
 -0.000554 5.898212828500536e-06
 -0.000553 5.905551583162157e-06
 -0.000552 5.87590353359311e-06
 -0.0005509999999999999 5.834706822451553e-06
 -0.00055 5.798267707146066e-06
 -0.000549 5.772691678982655e-06
 -0.000548 5.765489998853674e-06
 -0.000547 5.782777436213747e-06
 -0.000546 5.820154576610762e-06
 -0.000545 5.868881419355879e-06
 -0.000544 5.925241500570376e-06
 -0.000543 5.986474696273093e-06
 -0.0005419999999999999 6.046975723161939e-06
 -0.000541 6.10613036722538e-06
 -0.00054 6.174308549094506e-06
 -0.000539 6.263938577143608e-06
 -0.000538 6.373575990010446e-06
 -0.000537 6.480406673959028e-06
 -0.000536 6.543115962950192e-06
 -0.000535 6.516924445051555e-06
 -0.000534 6.384566919418845e-06
 -0.0005330000000000001 6.175172386557427e-06
 -0.000532 5.944509450266945e-06
 -0.000531 5.746102513101056e-06
 -0.00053 5.622992238552786e-06
 -0.000529 5.601342135358412e-06
 -0.000528 5.670515350708099e-06
 -0.000527 5.774701880077536e-06
 -0.000526 5.845110388357645e-06
 -0.000525 5.849516373431608e-06
 -0.0005240000000000001 5.807393042759543e-06
 -0.000523 5.767229938291021e-06
 -0.000522 5.779987959184244e-06
 -0.000521 5.885940319699905e-06
 -0.00052 6.107238113818514e-06
 -0.000519 6.433708026156943e-06
 -0.000518 6.814465915592196e-06
 -0.000517 7.178459835664581e-06
 -0.000516 7.470454117185118e-06
 -0.000515 7.670794376748318e-06
 -0.000514 7.793464944806642e-06
 -0.000513 7.866327275101712e-06
 -0.000512 7.900884443872238e-06
 -0.000511 7.885382603571431e-06
 -0.00051 7.817945180848741e-06
 -0.000509 7.731602668672492e-06
 -0.000508 7.669818694547264e-06
 -0.000507 7.654046702812751e-06
 -0.000506 7.686399356691876e-06
 -0.000505 7.757951428545539e-06
 -0.000504 7.840952392757338e-06
 -0.000503 7.894242374258687e-06
 -0.000502 7.893888696219574e-06
 -0.000501 7.853094629301386e-06
 -0.0005 7.803187714731159e-06
 -0.000499 7.765170921884391e-06
 -0.000498 7.747089439867791e-06
 -0.000497 7.749532685582821e-06
 -0.000496 7.760277434698733e-06
 -0.000495 7.755276091712217e-06
 -0.000494 7.718528723528087e-06
 -0.0004929999999999999 7.663755651748715e-06
 -0.000492 7.624966247579376e-06
 -0.000491 7.617826208244161e-06
 -0.00049 7.625688969689675e-06
 -0.000489 7.627629771885668e-06
 -0.000488 7.620209730146452e-06
 -0.000487 7.613106069045241e-06
 -0.000486 7.61859065510724e-06
 -0.000485 7.640324056779996e-06
 -0.000484 7.670766908899207e-06
 -0.000483 7.708731579366195e-06
 -0.000482 7.770652244274026e-06
 -0.000481 7.868585075223255e-06
 -0.00048 7.983520051193274e-06
 -0.000479 8.078039712448534e-06
 -0.000478 8.136260153985795e-06
 -0.000477 8.177151943593639e-06
 -0.000476 8.223981654694316e-06
 -0.000475 8.274212466847737e-06
 -0.000474 8.310124422909364e-06
 -0.000473 8.328211600741219e-06
 -0.000472 8.343029030907814e-06
 -0.000471 8.369600107802786e-06
 -0.00047 8.415211106190749e-06
 -0.000469 8.481748753681111e-06
 -0.000468 8.566603652772876e-06
 -0.000467 8.664802244740842e-06
 -0.000466 8.77107477936921e-06
 -0.000465 8.874948588996984e-06
 -0.000464 8.962239763780832e-06
 -0.000463 9.033012292071193e-06
 -0.000462 9.110425560409451e-06
 -0.000461 9.223984432430321e-06
 -0.00046 9.389512671861641e-06
 -0.000459 9.604034575287974e-06
 -0.000458 9.850385036845293e-06
 -0.000457 1.010450187168394e-05
 -0.000456 1.034330572152491e-05
 -0.000455 1.054852379509406e-05
 -0.000454 1.070452209838733e-05
 -0.000453 1.079623009975396e-05
 -0.000452 1.081092347130123e-05
 -0.000451 1.074536681062456e-05
 -0.00045 1.06182360301328e-05
 -0.000449 1.047513371303687e-05
 -0.000448 1.037176639764335e-05
 -0.000447 1.033994563395177e-05
 -0.000446 1.036392606349098e-05
 -0.000445 1.039509407712644e-05
 -0.000444 1.039269531945411e-05
 -0.000443 1.034610544504536e-05
 -0.000442 1.026603511803945e-05
 -0.000441 1.017426135305373e-05
 -0.00044 1.01040580282149e-05
 -0.000439 1.009151028883439e-05
 -0.000438 1.014684207243964e-05
 -0.000437 1.023169243372732e-05
 -0.000436 1.028425610978329e-05
 -0.000435 1.027804929714481e-05
 -0.000434 1.024335864583877e-05
 -0.000433 1.022996826370915e-05
 -0.000432 1.027009544397258e-05
 -0.000431 1.038601969601953e-05
 -0.00043 1.060898784598302e-05
 -0.000429 1.096026546626597e-05
 -0.000428 1.141203815189667e-05
 -0.000427 1.188224262319086e-05
 -0.000426 1.227440576509448e-05
 -0.000425 1.252232974187559e-05
 -0.000424 1.260483240704617e-05
 -0.000423 1.25392363048421e-05
 -0.000422 1.237392674137485e-05
 -0.000421 1.217709444776824e-05
 -0.00042 1.201223935786366e-05
 -0.000419 1.191125400251631e-05
 -0.000418 1.187342434180596e-05
 -0.000417 1.189600702054469e-05
 -0.000416 1.199969784357539e-05
 -0.000415 1.221367723743364e-05
 -0.000414 1.253160594377045e-05
 -0.000413 1.288973315024985e-05
 -0.000412 1.320188749879392e-05
 -0.000411 1.341590010171944e-05
 -0.00041 1.352586105895467e-05
 -0.000409 1.354036724997654e-05
 -0.000408 1.346709721440855e-05
 -0.000407 1.333164210001368e-05
 -0.000406 1.318049500468544e-05
 -0.000405 1.304873044716665e-05
 -0.000404 1.294269646653888e-05
 -0.000403 1.285902589415205e-05
 -0.000402 1.280097348207229e-05
 -0.000401 1.277690705491516e-05
 -0.0004 1.279952743807696e-05
 -0.000399 1.288656171731735e-05
 -0.000398 1.304917178945667e-05
 -0.000397 1.327837242412553e-05
 -0.000396 1.355736686339323e-05
 -0.000395 1.388442372805587e-05
 -0.000394 1.426230007589591e-05
 -0.000393 1.466516615418267e-05
 -0.000392 1.503351236799354e-05
 -0.000391 1.530743454217318e-05
 -0.00039 1.546711507181253e-05
 -0.000389 1.55534833963943e-05
 -0.000388 1.564598887845865e-05
 -0.000387 1.579610493582279e-05
 -0.000386 1.598579848286325e-05
 -0.000385 1.616950931933235e-05
 -0.000384 1.633516269858486e-05
 -0.000383 1.649701913877221e-05
 -0.000382 1.665228077503711e-05
 -0.000381 1.677448616118103e-05
 -0.00038 1.683471291218918e-05
 -0.000379 1.681175636748918e-05
 -0.000378 1.669471669195795e-05
 -0.000377 1.648583503979031e-05
 -0.000376 1.619672880050322e-05
 -0.000375 1.584762823516538e-05
 -0.000374 1.54801195332266e-05
 -0.000373 1.51594507678127e-05
 -0.000372 1.494592918482769e-05
 -0.000371 1.486468701943933e-05
 -0.00037 1.490262467152786e-05
 -0.000369 1.502270690730247e-05
 -0.000368 1.518356248228978e-05
 -0.000367 1.535770482798163e-05
 -0.000366 1.553759062514777e-05
 -0.000365 1.572669609607617e-05
 -0.000364 1.592862007532114e-05
 -0.000363 1.615013340527547e-05
 -0.000362 1.641361917280114e-05
 -0.000361 1.676342913520109e-05
 -0.00036 1.724898674487962e-05
 -0.000359 1.787654175342393e-05
 -0.000358 1.857390853415681e-05
 -0.000357 1.922013779786613e-05
 -0.000356 1.971042183408105e-05
 -0.000355 1.999531755496767e-05
 -0.000354 2.008447943816021e-05
 -0.000353 2.002779147649073e-05
 -0.000352 1.988397871772578e-05
 -0.000351 1.970130765558035e-05
 -0.00035 1.951994580894403e-05
 -0.000349 1.937856617814491e-05
 -0.000348 1.931619296595334e-05
 -0.000347 1.936659881588367e-05
 -0.000346 1.954371938345245e-05
 -0.000345 1.982881317212984e-05
 -0.000344 2.016930305072913e-05
 -0.000343 2.049235575600103e-05
 -0.000342 2.073575558708477e-05
 -0.000341 2.088070605230893e-05
 -0.00034 2.095392298656964e-05
 -0.000339 2.099306360068011e-05
 -0.000338 2.101438441183626e-05
 -0.000337 2.102157440492873e-05
 -0.000336 2.103555796347669e-05
 -0.000335 2.109579753177459e-05
 -0.000334 2.123359730672601e-05
 -0.000333 2.145139830430258e-05
 -0.000332 2.172833988819764e-05
 -0.000331 2.204986591745972e-05
 -0.00033 2.242484870866619e-05
 -0.000329 2.286478146235613e-05
 -0.000328 2.336188825210125e-05
 -0.000327 2.389817993871332e-05
 -0.000326 2.445602992534021e-05
 -0.000325 2.500625290991511e-05
 -0.000324 2.55009798558168e-05
 -0.000323 2.589000282337498e-05
 -0.000322 2.614115115074239e-05
 -0.000321 2.624976666287872e-05
 -0.00032 2.623286013621846e-05
 -0.000319 2.611645662594639e-05
 -0.000318 2.593894057148443e-05
 -0.000317 2.57532517421965e-05
 -0.000316 2.560454999725969e-05
 -0.000315 2.551867479382888e-05
 -0.000314 2.551567108728966e-05
 -0.000313 2.560736118351951e-05
 -0.000312 2.577239594432023e-05
 -0.000311 2.594938984871359e-05
 -0.00031 2.60688748981722e-05
 -0.000309 2.609958104519049e-05
 -0.000308 2.606536755036563e-05
 -0.000307 2.602178413768442e-05
 -0.000306 2.602889639559817e-05
 -0.000305 2.613603911382845e-05
 -0.000304 2.635869069532015e-05
 -0.000303 2.667063114431331e-05
 -0.000302 2.704369065938104e-05
 -0.000301 2.748242575957998e-05
 -0.0003 2.800157142497058e-05
 -0.000299 2.859164584486744e-05
 -0.000298 2.92159189801071e-05
 -0.000297 2.98133487696029e-05
 -0.000296 3.029880015849349e-05
 -0.000295 3.059087157392282e-05
 -0.000294 3.065978171555453e-05
 -0.000293 3.055307675591927e-05
 -0.000292 3.038246972247744e-05
 -0.000291 3.028142229948755e-05
 -0.00029 3.035323583819802e-05
 -0.000289 3.063604353237964e-05
 -0.000288 3.110541862694406e-05
 -0.000287 3.171251197929088e-05
 -0.000286 3.24233263700294e-05
 -0.000285 3.32139427504226e-05
 -0.000284 3.402631094614398e-05
 -0.000283 3.475474421904529e-05
 -0.000282 3.529748472153384e-05
 -0.000281 3.561550523046252e-05
 -0.00028 3.574451284583761e-05
 -0.000279 3.576960506250457e-05
 -0.000278 3.57898030974171e-05
 -0.000277 3.589102412143491e-05
 -0.000276 3.613366746955111e-05
 -0.000275 3.653605637052122e-05
 -0.000274 3.705332797046731e-05
 -0.000273 3.759873871884809e-05
 -0.000272 3.80997867551317e-05
 -0.000271 3.851733793796229e-05
 -0.00027 3.884131181380652e-05
 -0.000269 3.911769911734987e-05
 -0.000268 3.945890874203526e-05
 -0.000267 3.99765959361487e-05
 -0.000266 4.068202771240981e-05
 -0.000265 4.144876186503014e-05
 -0.000264 4.208465271508168e-05
 -0.000263 4.246265579485969e-05
 -0.000262 4.259405374732584e-05
 -0.000261 4.258086123287454e-05
 -0.00026 4.251505291907597e-05
 -0.000259 4.244122832517047e-05
 -0.000258 4.239926788383939e-05
 -0.000257 4.245152592172147e-05
 -0.000256 4.264293930547348e-05
 -0.000255 4.296206631814518e-05
 -0.000254 4.336428426618781e-05
 -0.000253 4.382251656225195e-05
 -0.000252 4.434527482383784e-05
 -0.000251 4.495480816652897e-05
 -0.00025 4.564777564440342e-05
 -0.000249 4.63571666382573e-05
 -0.000248 4.696429500298313e-05
 -0.000247 4.739015744320317e-05
 -0.000246 4.768537460295473e-05
 -0.000245 4.800995520364591e-05
 -0.000244 4.850998405527138e-05
 -0.000243 4.920495409505641e-05
 -0.000242 4.997730887913956e-05
 -0.000241 5.065863435975302e-05
 -0.00024 5.113127370907432e-05
 -0.000239 5.13644692527893e-05
 -0.000238 5.139017729856787e-05
 -0.000237 5.128044038659593e-05
 -0.000236 5.113481867001439e-05
 -0.000235 5.104952260205623e-05
 -0.000234 5.10872166917595e-05
 -0.000233 5.127644797742032e-05
 -0.000232 5.163294258127353e-05
 -0.000231 5.218302481133214e-05
 -0.00023 5.296533580866531e-05
 -0.000229 5.399713883191817e-05
 -0.000228 5.522147778510456e-05
 -0.000227 5.648765655784354e-05
 -0.000226 5.761479735107544e-05
 -0.000225 5.848739225877331e-05
 -0.000224 5.908691796123439e-05
 -0.000223 5.946952589879468e-05
 -0.000222 5.973952760671719e-05
 -0.000221 6.002303028829648e-05
 -0.00022 6.045060423429575e-05
 -0.000219 6.114592471523948e-05
 -0.000218 6.219752304368181e-05
 -0.000217 6.362511139776366e-05
 -0.000216 6.537018464107491e-05
 -0.000215 6.731559307225994e-05
 -0.000214 6.931383814998681e-05
 -0.000213 7.121103659275565e-05
 -0.000212 7.288588149730988e-05
 -0.000211 7.429985136986964e-05
 -0.00021 7.550534147864366e-05
 -0.000209 7.660765380006417e-05
 -0.000208 7.772933614845196e-05
 -0.000207 7.898262813061605e-05
 -0.000206 8.043170158786013e-05
 -0.000205 8.206025012623629e-05
 -0.000204 8.377950022364302e-05
 -0.000203 8.547882788045875e-05
 -0.000202 8.707034233555979e-05
 -0.000201 8.848777716743033e-05
 -0.0002 8.967112213080225e-05
 -0.000199 9.05990859012115e-05
 -0.000198 9.134559756660969e-05
 -0.000197 9.205772906108627e-05
 -0.000196 9.284595339460148e-05
 -0.000195 9.370062096716952e-05
 -0.000194 9.451796099229495e-05
 -0.000193 9.520783273074636e-05
 -0.000192 9.576487529465831e-05
 -0.000191 9.622864823717894e-05
 -0.00019 9.661064125563518e-05
 -0.000189 9.688202937112284e-05
 -0.000188 9.701931226569865e-05
 -0.000187 9.706447465276515e-05
 -0.000186 9.714173765574306e-05
 -0.000185 9.739593209455285e-05
 -0.000184 9.790622366928091e-05
 -0.000183 9.866179257562816e-05
 -0.000182 9.960245564339025e-05
 -0.000181 0.0001006597689866002
 -0.00018 0.0001017725253783988
 -0.000179 0.0001028951801753805
 -0.000178 0.0001040042988803931
 -0.000177 0.0001050936934503417
 -0.000176 0.0001061581668130911
 -0.000175 0.000107175771892233
 -0.000174 0.000108107955532955
 -0.000173 0.0001089306605382976
 -0.000172 0.0001096674510953761
 -0.000171 0.0001103876608045361
 -0.00017 0.0001111873560207156
 -0.000169 0.0001121686785417839
 -0.000168 0.0001134013359071576
 -0.000167 0.0001149083340991627
 -0.000166 0.0001166965103548422
 -0.000165 0.0001187447029689259
 -0.000164 0.0001209571072963141
 -0.000163 0.0001232092977059439
 -0.000162 0.0001254657648853071
 -0.000161 0.0001278087882589132
 -0.00016 0.0001303402127855793
 -0.000159 0.0001330836223894954
 -0.000158 0.0001359853466923562
 -0.000157 0.0001389719726107789
 -0.000156 0.0001420008515206396
 -0.000155 0.0001450904340772088
 -0.000154 0.0001483032237294921
 -0.000153 0.0001516876981354676
 -0.000152 0.0001552500487655163
 -0.000151 0.0001589836127597614
 -0.00015 0.0001629094570720512
 -0.000149 0.0001670841530990109
 -0.000148 0.0001715700247589885
 -0.000147 0.0001763859943782497
 -0.000146 0.0001814941217940503
 -0.000145 0.0001868728827010378
 -0.000144 0.0001926007045421833
 -0.000143 0.0001988199713694858
 -0.000142 0.0002056160983514561
 -0.000141 0.0002129464960658862
 -0.00014 0.0002206534381961104
 -0.000139 0.0002285249698328088
 -0.000138 0.0002363641046435208
 -0.000137 0.0002440138632393579
 -0.000136 0.0002513460922011802
 -0.000135 0.0002582784074585302
 -0.000134 0.0002648021842063514
 -0.000133 0.0002709506710389035
 -0.000132 0.0002767496121050044
 -0.000131 0.0002822434823619494
 -0.00013 0.0002875403216200933
 -0.000129 0.0002927562523463633
 -0.000128 0.0002979113702202385
 -0.000127 0.0003029279447073731
 -0.000126 0.000307735387987662
 -0.000125 0.0003123470222404831
 -0.000124 0.000316851193698049
 -0.000123 0.0003213627043595302
 -0.000122 0.0003259599427035585
 -0.000121 0.0003306388868113232
 -0.00012 0.0003353220549615787
 -0.000119 0.0003398990166794397
 -0.000118 0.0003442821312991622
 -0.000117 0.0003484876173016094
 -0.000116 0.0003526773398033302
 -0.000115 0.0003570718957294521
 -0.000114 0.0003618002886482344
 -0.000113 0.000366865041107863
 -0.000112 0.0003722334724205057
 -0.000111 0.0003778696815993452
 -0.00011 0.0003836889145360713
 -0.000109 0.0003896048323180779
 -0.000108 0.0003956075464606794
 -0.000107 0.0004017127479333513
 -0.000106 0.0004079255875055474
 -0.000105 0.0004143299504765926
 -0.000104 0.0004210914266556878
 -0.000103 0.0004282907535076
 -0.000102 0.0004358448253669062
 -0.000101 0.0004436468290143589
 -0.0001 0.0004516996586416992
 -9.899999999999999e-05 0.0004600719515052115
 -9.8e-05 0.0004688175078041721
 -9.7e-05 0.0004780042936339699
 -9.6e-05 0.0004877706097019822
 -9.500000000000001e-05 0.0004982794486680004
 -9.399999999999999e-05 0.0005096153762804527
 -9.3e-05 0.0005217706128736327
 -9.2e-05 0.0005347313428591628
 -9.1e-05 0.000548523210254711
 -9.000000000000001e-05 0.0005631510803683877
 -8.899999999999999e-05 0.000578499885634431
 -8.8e-05 0.0005942827208549187
 -8.7e-05 0.0006101033392468888
 -8.6e-05 0.0006256156686183666
 -8.500000000000001e-05 0.0006406747394099444
 -8.4e-05 0.0006554134387372893
 -8.3e-05 0.0006702014573497266
 -8.2e-05 0.0006854666927439367
 -8.1e-05 0.0007015301731611443
 -8.000000000000001e-05 0.0007186227177838524
 -7.9e-05 0.0007370146758048739
 -7.8e-05 0.000757079298813904
 -7.7e-05 0.000779238589220501
 -7.6e-05 0.000803884124382063
 -7.499999999999999e-05 0.0008313359329061792
 -7.4e-05 0.0008618015614419242
 -7.3e-05 0.0008953548195810597
 -7.2e-05 0.0009320129974947349
 -7.1e-05 0.0009718305085775888
 -6.999999999999999e-05 0.001014866255994299
 -6.9e-05 0.001061096346064574
 -6.8e-05 0.00111041194203491
 -6.7e-05 0.001162709506642407
 -6.600000000000001e-05 0.001218010202834209
 -6.499999999999999e-05 0.001276476034036552
 -6.4e-05 0.001338256699774663
 -6.3e-05 0.001403328790646061
 -6.2e-05 0.001471472675525167
 -6.1e-05 0.001542365667472008
 -6e-05 0.001615745489052421
 -5.9e-05 0.001691566430171258
 -5.8e-05 0.001770043683296154
 -5.7e-05 0.001851565968061763
 -5.6e-05 0.001936508840759093
 -5.5e-05 0.002025088000142874
 -5.4e-05 0.002117458288133715
 -5.3e-05 0.002213939888430115
 -5.2e-05 0.00231506078885703
 -5.1e-05 0.002421450662549376
 -5e-05 0.002533766706413868
 -4.9e-05 0.002652602988943801
 -4.8e-05 0.002778407919585226
 -4.7e-05 0.002911619156619938
 -4.6e-05 0.00305293865799004
 -4.5e-05 0.003203394418138027
 -4.4e-05 0.003364163945081599
 -4.3e-05 0.003536463335273105
 -4.2e-05 0.003721550196452942
 -4.1e-05 0.003920656212989645
 -4e-05 0.004134816481794302
 -3.9e-05 0.004364695051558189
 -3.8e-05 0.004610581850950616
 -3.7e-05 0.00487269859958252
 -3.6e-05 0.005151678309530909
 -3.5e-05 0.005448937745514785
 -3.4e-05 0.005766732008465327
 -3.3e-05 0.006107877663742746
 -3.2e-05 0.006475500779584306
 -3.1e-05 0.006873110589001198
 -3e-05 0.007304678467149249
 -2.9e-05 0.007774394604875443
 -2.8e-05 0.008286467701992244
 -2.7e-05 0.00884541573994517
 -2.6e-05 0.009456672962581252
 -2.5e-05 0.01012691507259699
 -2.4e-05 0.01086387058827607
 -2.3e-05 0.01167612968671818
 -2.2e-05 0.01257325327912865
 -2.1e-05 0.01356596374857162
 -2e-05 0.01466665103001427
 -1.9e-05 0.01589055446780055
 -1.8e-05 0.01725786604578425
 -1.7e-05 0.01879782972683899
 -1.6e-05 0.02055552930285267
 -1.5e-05 0.02259741073453213
 -1.4e-05 0.02500287291697982
 -1.3e-05 0.02783009578698991
 -1.2e-05 0.03107152237279793
 -1.1e-05 0.03463804029073016
 -1e-05 0.03838401576592013
 -9e-06 0.04214398762492937
 -8e-06 0.04575607961258715
 -7e-06 0.04907249515391222
 -6e-06 0.05196306528405718
 -5e-06 0.05431358919338063
 -4e-06 0.05602192203537574
 -3e-06 0.05699632517072823
 -2e-06 0.05715706927072041
 -1e-06 0.05643985753693458
 0 0.05480102245503924
 1e-06 0.05222298842795899
 2e-06 0.04871666017649546
 3e-06 0.04432087472966411
 4e-06 0.039101562530286
 5e-06 0.03315093483240612
 6e-06 0.0265848443772114
 7e-06 0.01953760590650288
 8e-06 0.01215588893482657
 9e-06 0.004593573767466559
 1e-05 -0.002992013070768609
 1.1e-05 -0.01044392751244044
 1.2e-05 -0.0176110321162212
 1.3e-05 -0.02435372035281356
 1.4e-05 -0.03054785737595827
 1.5e-05 -0.03608767324577048
 1.6e-05 -0.04088937226563614
 1.7e-05 -0.04489516882174335
 1.8e-05 -0.04807561649346195
 1.9e-05 -0.05042866481130918
 2e-05 -0.05197619330229846
 2.1e-05 -0.05275999381382113
 2.2e-05 -0.05283828995096013
 2.3e-05 -0.05228258744086166
 2.4e-05 -0.051174221826027
 2.5e-05 -0.04960034132132329
 2.6e-05 -0.04764968150081334
 2.7e-05 -0.04540884332286615
 2.8e-05 -0.04295955295277924
 2.9e-05 -0.04037683367798949
 3e-05 -0.03772783996313699
 3.1e-05 -0.03507114946164845
 3.2e-05 -0.03245623067347785
 3.3e-05 -0.02992300127626672
 3.4e-05 -0.02750178073513856
 3.5e-05 -0.02521397699530748
 3.6e-05 -0.02307343113741846
 3.7e-05 -0.02108787027979989
 3.8e-05 -0.01926001428691533
 3.9e-05 -0.01758839168245844
 4e-05 -0.01606812221949334
 4.1e-05 -0.01469172796373695
 4.2e-05 -0.01344989093007515
 4.3e-05 -0.01233219989988544
 4.4e-05 -0.01132788365520544
 4.5e-05 -0.01042621796642301
 4.6e-05 -0.009616538215199127
 4.7e-05 -0.008888372331448546
 4.8e-05 -0.008231967436468543
 4.9e-05 -0.00763881327914725
 5e-05 -0.007101776556381366
 5.1e-05 -0.00661492140576525
 5.2e-05 -0.006173261433610719
 5.3e-05 -0.005772509219133002
 5.4e-05 -0.005408744853920105
 5.5e-05 -0.005078104391823436
 5.6e-05 -0.004776774766686471
 5.7e-05 -0.004501256902622815
 5.8e-05 -0.004248494250055631
 5.9e-05 -0.004015750633140872
 6e-05 -0.003800526741813543
 6.1e-05 -0.003600623996526569
 6.2e-05 -0.003414175117344163
 6.3e-05 -0.003239624664919051
 6.4e-05 -0.003075764265403627
 6.499999999999999e-05 -0.00292172132897842
 6.600000000000001e-05 -0.002776819162628683
 6.7e-05 -0.002640452775115766
 6.8e-05 -0.002512039602477025
 6.9e-05 -0.002390925757246547
 6.999999999999999e-05 -0.002276308772390013
 7.1e-05 -0.002167385375855229
 7.2e-05 -0.00206359919407986
 7.3e-05 -0.001964648820098468
 7.4e-05 -0.001870309781429085
 7.499999999999999e-05 -0.001780403524395004
 7.6e-05 -0.001694907244779268
 7.7e-05 -0.001613939810139471
 7.8e-05 -0.001537614683176629
 7.9e-05 -0.001465924317908091
 8.000000000000001e-05 -0.001398695605645073
 8.1e-05 -0.001335650322180314
 8.2e-05 -0.00127657022057126
 8.3e-05 -0.001221359077050419
 8.4e-05 -0.00116990865081331
 8.500000000000001e-05 -0.001121989671487114
 8.6e-05 -0.001077303617823346
 8.7e-05 -0.001035572505649409
 8.8e-05 -0.0009965738442636477
 8.899999999999999e-05 -0.0009601517404457826
 9.000000000000001e-05 -0.0009261950605658907
 9.1e-05 -0.0008945768882705742
 9.2e-05 -0.0008651457138411817
 9.3e-05 -0.0008377598491889301
 9.399999999999999e-05 -0.0008122652005530139
 9.500000000000001e-05 -0.0007884814818641554
 9.6e-05 -0.0007662601084975824
 9.7e-05 -0.0007454866155331977
 9.8e-05 -0.0007259833100272023
 9.899999999999999e-05 -0.0007074618530888572
 0.0001 -0.0006896124332495988
 0.000101 -0.0006722178350307723
 0.000102 -0.0006551777474088521
 0.000103 -0.0006384978256033687
 0.000104 -0.0006222954552992222
 0.000105 -0.0006067557495198721
 0.000106 -0.0005920333531102995
 0.000107 -0.0005781922502646411
 0.000108 -0.0005651904685250415
 0.000109 -0.0005528624269506007
 0.00011 -0.0005409394027159551
 0.000111 -0.0005291312019252263
 0.000112 -0.0005172318696763331
 0.000113 -0.0005052322858065516
 0.000114 -0.0004933466292957705
 0.000115 -0.000481862754373518
 0.000116 -0.0004709650677098519
 0.000117 -0.0004607209772021483
 0.000118 -0.0004511621989025139
 0.000119 -0.0004423299702078371
 0.00012 -0.0004342911353898646
 0.000121 -0.0004271066204477347
 0.000122 -0.0004207463029300006
 0.000123 -0.0004150800222316368
 0.000124 -0.0004099776958005227
 0.000125 -0.0004053741580656813
 0.000126 -0.0004012332287284952
 0.000127 -0.000397483666284132
 0.000128 -0.0003939879225168236
 0.000129 -0.0003905471487350406
 0.00013 -0.0003869450111483758
 0.000131 -0.0003830381393342951
 0.000132 -0.0003788357997693924
 0.000133 -0.0003744874870459682
 0.000134 -0.0003701793906791739
 0.000135 -0.0003660008650417337
 0.000136 -0.0003618792867225035
 0.000137 -0.0003576420203304981
 0.000138 -0.0003531044424043533
 0.000139 -0.0003480923879435105
 0.00014 -0.0003424785190492017
 0.000141 -0.0003362642860772776
 0.000142 -0.0003295820578884943
 0.000143 -0.0003225848944625119
 0.000144 -0.0003153773396124351
 0.000145 -0.0003080650653154681
 0.000146 -0.0003007928922656276
 0.000147 -0.0002936794761201334
 0.000148 -0.0002867484078656817
 0.000149 -0.0002799546808734387
 0.00015 -0.0002732619854035264
 0.000151 -0.0002666785005411454
 0.000152 -0.0002602237322823551
 0.000153 -0.0002538720873070351
 0.000154 -0.000247545555726293
 0.000155 -0.0002411714082201094
 0.000156 -0.0002347381021576102
 0.000157 -0.0002282924280752199
 0.000158 -0.0002218999353346616
 0.000159 -0.0002156287772184193
 0.00016 -0.0002095684835946345
 0.000161 -0.0002038334899029987
 0.000162 -0.0001985131718841619
 0.000163 -0.0001935945487125432
 0.000164 -0.0001889358759173245
 0.000165 -0.0001843412246300989
 0.000166 -0.000179690314911809
 0.000167 -0.0001750136289472645
 0.000168 -0.0001704434115397491
 0.000169 -0.0001661083737088258
 0.00017 -0.00016209041756207
 0.000171 -0.0001584538758853056
 0.000172 -0.0001552834031559771
 0.000173 -0.0001526661441167442
 0.000174 -0.0001506099512383568
 0.000175 -0.000148992694903823
 0.000176 -0.0001476082665668702
 0.000177 -0.0001462508160427678
 0.000178 -0.0001447709837855009
 0.000179 -0.000143102270701064
 0.00018 -0.0001412554490253097
 0.000181 -0.0001392639032968973
 0.000182 -0.0001371258987011718
 0.000183 -0.0001348223307084397
 0.000184 -0.000132382104540007
 0.000185 -0.0001299000765797337
 0.000186 -0.0001275182654676481
 0.000187 -0.0001254149785269469
 0.000188 -0.0001237479259645069
 0.000189 -0.0001225512590370032
 0.00019 -0.0001216990431193986
 0.000191 -0.0001209832348546027
 0.000192 -0.0001202423232314319
 0.000193 -0.0001194316508512852
 0.000194 -0.0001185841855862203
 0.000195 -0.0001177423105003651
 0.000196 -0.000116937916525521
 0.000197 -0.0001161897487072532
 0.000198 -0.0001154852425481973
 0.000199 -0.0001147855905524514
 0.0002 -0.0001140751033567642
 0.000201 -0.0001133815547238089
 0.000202 -0.0001127326840196665
 0.000203 -0.0001121261462256202
 0.000204 -0.000111535497198603
 0.000205 -0.0001109050174030373
 0.000206 -0.0001101471916645061
 0.000207 -0.0001091856934987262
 0.000208 -0.0001080169610345679
 0.000209 -0.0001067124051004615
 0.00021 -0.0001053579150622012
 0.000211 -0.0001040032843931989
 0.000212 -0.0001026518413295722
 0.000213 -0.0001012798832551977
 0.000214 -9.98607380458521e-05
 0.000215 -9.837161804192448e-05
 0.000216 -9.680772341396623e-05
 0.000217 -9.521256353264554e-05
 0.000218 -9.367945433848172e-05
 0.000219 -9.229707313635068e-05
 0.00022 -9.108073293562161e-05
 0.000221 -8.996934473737618e-05
 0.000222 -8.88989608840934e-05
 0.000223 -8.785003550748611e-05
 0.000224 -8.680145108139795e-05
 0.000225 -8.568158335654279e-05
 0.000226 -8.441226818022856e-05
 0.000227 -8.298601143590445e-05
 0.000228 -8.147074483335021e-05
 0.000229 -7.994722050919838e-05
 0.00023 -7.846098240954686e-05
 0.000231 -7.703699863715535e-05
 0.000232 -7.572057137227533e-05
 0.000233 -7.456639424683287e-05
 0.000234 -7.357958732687424e-05
 0.000235 -7.269599427058808e-05
 0.000236 -7.182817685364652e-05
 0.000237 -7.091987669894959e-05
 0.000238 -6.996415891063396e-05
 0.000239 -6.899335854775218e-05
 0.00024 -6.806159543793287e-05
 0.000241 -6.721587860117894e-05
 0.000242 -6.645883977822799e-05
 0.000243 -6.573466456047203e-05
 0.000244 -6.49609885751651e-05
 0.000245 -6.409137168796457e-05
 0.000246 -6.315371062552403e-05
 0.000247 -6.222203312843388e-05
 0.000248 -6.13621926816326e-05
 0.000249 -6.06182814422873e-05
 0.00025 -6.001925578107451e-05
 0.000251 -5.955457132840073e-05
 0.000252 -5.915653129298384e-05
 0.000253 -5.874954461056688e-05
 0.000254 -5.831935169626933e-05
 0.000255 -5.790450612831188e-05
 0.000256 -5.751815381523635e-05
 0.000257 -5.711845093071115e-05
 0.000258 -5.667617477499647e-05
 0.000259 -5.62273405252575e-05
 0.00026 -5.582263496707012e-05
 0.000261 -5.546055627011068e-05
 0.000262 -5.510435457588454e-05
 0.000263 -5.47401826277955e-05
 0.000264 -5.439321427259045e-05
 0.000265 -5.408779658556805e-05
 0.000266 -5.380226298337802e-05
 0.000267 -5.348892352826571e-05
 0.000268 -5.314394893189693e-05
 0.000269 -5.2822145405683e-05
 0.00027 -5.258191500750916e-05
 0.000271 -5.244674810464668e-05
 0.000272 -5.239525464101927e-05
 0.000273 -5.23480423045815e-05
 0.000274 -5.218885866950935e-05
 0.000275 -5.183727741792037e-05
 0.000276 -5.130233349514424e-05
 0.000277 -5.066698481601958e-05
 0.000278 -5.003635548114532e-05
 0.000279 -4.948971382981785e-05
 0.00028 -4.904541138239196e-05
 0.000281 -4.866434535947911e-05
 0.000282 -4.830146528978015e-05
 0.000283 -4.793568147908873e-05
 0.000284 -4.753542023469195e-05
 0.000285 -4.704204124546292e-05
 0.000286 -4.642268066851979e-05
 0.000287 -4.570687044272893e-05
 0.000288 -4.495088697533698e-05
 0.000289 -4.418916569040152e-05
 0.00029 -4.342975558500607e-05
 0.000291 -4.268634454584226e-05
 0.000292 -4.200078757799412e-05
 0.000293 -4.141874818189911e-05
 0.000294 -4.094253559782223e-05
 0.000295 -4.052058937673519e-05
 0.000296 -4.008350384914342e-05
 0.000297 -3.958291773471539e-05
 0.000298 -3.900937086253727e-05
 0.000299 -3.839634259055181e-05
 0.0003 -3.781026598594981e-05
 0.000301 -3.732463912245787e-05
 0.000302 -3.698575349945623e-05
 0.000303 -3.678238520143545e-05
 0.000304 -3.664219891616034e-05
 0.000305 -3.647425606909283e-05
 0.000306 -3.623331459742532e-05
 0.000307 -3.594203133549805e-05
 0.000308 -3.565094995878067e-05
 0.000309 -3.539765380351305e-05
 0.00031 -3.521080347193286e-05
 0.000311 -3.511610848133804e-05
 0.000312 -3.511188845499266e-05
 0.000313 -3.515877236798056e-05
 0.000314 -3.519869231584638e-05
 0.000315 -3.517484129183674e-05
 0.000316 -3.505790395921639e-05
 0.000317 -3.486715346450852e-05
 0.000318 -3.464501382308185e-05
 0.000319 -3.4407140063872e-05
 0.00032 -3.413098737271893e-05
 0.000321 -3.379083607765961e-05
 0.000322 -3.339477903795497e-05
 0.000323 -3.29802761986178e-05
 0.000324 -3.257682547061015e-05
 0.000325 -3.219310508337421e-05
 0.000326 -3.183806957419108e-05
 0.000327 -3.152610469083147e-05
 0.000328 -3.125662265211127e-05
 0.000329 -3.100142333510391e-05
 0.00033 -3.071615524998542e-05
 0.000331 -3.036792895465728e-05
 0.000332 -2.995749072424997e-05
 0.000333 -2.951533111817085e-05
 0.000334 -2.907254188483617e-05
 0.000335 -2.86358025831747e-05
 0.000336 -2.819893957407352e-05
 0.000337 -2.777773232033103e-05
 0.000338 -2.74132107356187e-05
 0.000339 -2.713719093664428e-05
 0.00034 -2.696072919987418e-05
 0.000341 -2.689548194246959e-05
 0.000342 -2.695383765437995e-05
 0.000343 -2.71205591249404e-05
 0.000344 -2.733995396988516e-05
 0.000345 -2.754172007872548e-05
 0.000346 -2.768266454962018e-05
 0.000347 -2.776141262126151e-05
 0.000348 -2.779266522655651e-05
 0.000349 -2.776943058775046e-05
 0.00035 -2.765369693227763e-05
 0.000351 -2.741094864591276e-05
 0.000352 -2.704652247169579e-05
 0.000353 -2.659431881832059e-05
 0.000354 -2.60816148529819e-05
 0.000355 -2.551760662099114e-05
 0.000356 -2.490540763947217e-05
 0.000357 -2.425863245287186e-05
 0.000358 -2.361311191691759e-05
 0.000359 -2.302744652085867e-05
 0.00036 -2.25689279238676e-05
 0.000361 -2.228783575614106e-05
 0.000362 -2.219203740348557e-05
 0.000363 -2.223817397194385e-05
 0.000364 -2.235032132806067e-05
 0.000365 -2.24545166294319e-05
 0.000366 -2.250367451727304e-05
 0.000367 -2.248845107692266e-05
 0.000368 -2.243223646124634e-05
 0.000369 -2.235909584970201e-05
 0.00037 -2.226302001540267e-05
 0.000371 -2.211901321163972e-05
 0.000372 -2.191733573449678e-05
 0.000373 -2.167403197906998e-05
 0.000374 -2.140985363470759e-05
 0.000375 -2.113178691034738e-05
 0.000376 -2.084112751601255e-05
 0.000377 -2.054877622999744e-05
 0.000378 -2.027436212425024e-05
 0.000379 -2.003754661852177e-05
 0.00038 -1.985336270343367e-05
 0.000381 -1.972540018886559e-05
 0.000382 -1.963382794726845e-05
 0.000383 -1.953441927565792e-05
 0.000384 -1.938333528381499e-05
 0.000385 -1.916872447866012e-05
 0.000386 -1.89188565216488e-05
 0.000387 -1.868599893816793e-05
 0.000388 -1.852102236531349e-05
 0.000389 -1.845177170483093e-05
 0.00039 -1.847210862508267e-05
 0.000391 -1.854041387629126e-05
 0.000392 -1.859270890505699e-05
 0.000393 -1.857093165926703e-05
 0.000394 -1.844858164171805e-05
 0.000395 -1.823953942909412e-05
 0.000396 -1.798770449667916e-05
 0.000397 -1.774266519701374e-05
 0.000398 -1.75373990093769e-05
 0.000399 -1.738020811409963e-05
 0.0004 -1.725567454180048e-05
 0.000401 -1.713295582965285e-05
 0.000402 -1.698890163113451e-05
 0.000403 -1.683107873445867e-05
 0.000404 -1.669543329547197e-05
 0.000405 -1.66235035573698e-05
 0.000406 -1.664376171190929e-05
 0.000407 -1.676430273177288e-05
 0.000408 -1.696419624695793e-05
 0.000409 -1.718958667103609e-05
 0.00041 -1.737740054922443e-05
 0.000411 -1.749026150315095e-05
 0.000412 -1.75244757097568e-05
 0.000413 -1.749563193260389e-05
 0.000414 -1.742196839719446e-05
 0.000415 -1.730865072657645e-05
 0.000416 -1.715164391411344e-05
 0.000417 -1.69666937685347e-05
 0.000418 -1.6797537782709e-05
 0.000419 -1.667884851062648e-05
 0.00042 -1.659551161290844e-05
 0.000421 -1.648390630277741e-05
 0.000422 -1.627718325544837e-05
 0.000423 -1.595506607385617e-05
 0.000424 -1.555441413212294e-05
 0.000425 -1.514200791765389e-05
 0.000426 -1.478417139523615e-05
 0.000427 -1.452927060453334e-05
 0.000428 -1.439453290400381e-05
 0.000429 -1.435776697882626e-05
 0.00043 -1.437080393567334e-05
 0.000431 -1.43918410633397e-05
 0.000432 -1.440167930165413e-05
 0.000433 -1.439082033241069e-05
 0.000434 -1.435071630758287e-05
 0.000435 -1.428081449547508e-05
 0.000436 -1.418625352437781e-05
 0.000437 -1.407149651175343e-05
 0.000438 -1.394288093690606e-05
 0.000439 -1.379844290564854e-05
 0.00044 -1.361794761644417e-05
 0.000441 -1.339108014836977e-05
 0.000442 -1.315034444279217e-05
 0.000443 -1.295858807937125e-05
 0.000444 -1.287109177605524e-05
 0.000445 -1.290776461565718e-05
 0.000446 -1.304015132736793e-05
 0.000447 -1.319836223061736e-05
 0.000448 -1.330588804049646e-05
 0.000449 -1.332015315038491e-05
 0.00045 -1.324043301666767e-05
 0.000451 -1.308338240198118e-05
 0.000452 -1.286537583560605e-05
 0.000453 -1.26069209165715e-05
 0.000454 -1.233657298728681e-05
 0.000455 -1.20826183838744e-05
 0.000456 -1.186222020785879e-05
 0.000457 -1.167399718253825e-05
 0.000458 -1.149590358339983e-05
 0.000459 -1.129789446911957e-05
 0.00046 -1.106908874791607e-05
 0.000461 -1.083045494596309e-05
 0.000462 -1.061922946248541e-05
 0.000463 -1.047056857615867e-05
 0.000464 -1.040726628864852e-05
 0.000465 -1.043044362638245e-05
 0.000466 -1.052274852555974e-05
 0.000467 -1.066620898996627e-05
 0.000468 -1.084827259956165e-05
 0.000469 -1.104873946799348e-05
 0.00047 -1.123626906249698e-05
 0.000471 -1.138392655066736e-05
 0.000472 -1.148086562528259e-05
 0.000473 -1.153140935452676e-05
 0.000474 -1.154797961811222e-05
 0.000475 -1.153986719264507e-05
 0.000476 -1.150266833685165e-05
 0.000477 -1.141885158694057e-05
 0.000478 -1.127675222621516e-05
 0.000479 -1.108830555580344e-05
 0.00048 -1.087761966744872e-05
 0.000481 -1.066206891052301e-05
 0.000482 -1.045676064655815e-05
 0.000483 -1.028013028673371e-05
 0.000484 -1.013974964974588e-05
 0.000485 -1.002283172252995e-05
 0.000486 -9.911893959405015e-06
 0.000487 -9.807389824539866e-06
 0.000488 -9.731632732884234e-06
 0.000489 -9.712502205890497e-06
 0.00049 -9.759795864698311e-06
 0.000491 -9.848276139555279e-06
 0.000492 -9.922539836762881e-06
 0.0004929999999999999 -9.925931456464003e-06
 0.000494 -9.830143020304071e-06
 0.000495 -9.643860204150978e-06
 0.000496 -9.406939249022975e-06
 0.000497 -9.175674998450205e-06
 0.000498 -8.999445688744884e-06
 0.000499 -8.907460271866537e-06
 0.0005 -8.906335670938533e-06
 0.000501 -8.972391841365583e-06
 0.000502 -9.058403267031176e-06
 0.000503 -9.128279236949189e-06
 0.000504 -9.178436467821369e-06
 0.000505 -9.22065905062262e-06
 0.000506 -9.260278972655155e-06
 0.000507 -9.295802529491704e-06
 0.000508 -9.325236283539029e-06
 0.000509 -9.34533716884893e-06
 0.00051 -9.349800336349331e-06
 0.000511 -9.330607971022568e-06
 0.000512 -9.276560786970067e-06
 0.000513 -9.169632564760045e-06
 0.000514 -8.988735027510456e-06
 0.000515 -8.723611388607262e-06
 0.000516 -8.392424531062917e-06
 0.000517 -8.04711727042746e-06
 0.000518 -7.752516198363337e-06
 0.000519 -7.555031407583294e-06
 0.00052 -7.469108697281219e-06
 0.000521 -7.479818803922744e-06
 0.000522 -7.550254978895276e-06
 0.000523 -7.642553969357392e-06
 0.0005240000000000001 -7.739082033351383e-06
 0.000525 -7.830298418492164e-06
 0.000526 -7.896045610542848e-06
 0.000527 -7.92472729704667e-06
 0.000528 -7.935229129590502e-06
 0.000529 -7.957590775812492e-06
 0.00053 -8.004349656767934e-06
 0.000531 -8.069752900314769e-06
 0.000532 -8.137091135229934e-06
 0.0005330000000000001 -8.177167767099735e-06
 0.000534 -8.162876532022504e-06
 0.000535 -8.10052350023555e-06
 0.000536 -8.031112956832727e-06
 0.000537 -7.987858003237877e-06
 0.000538 -7.960738885846372e-06
 0.000539 -7.912517862670332e-06
 0.00054 -7.822208978423673e-06
 0.000541 -7.698304494174137e-06
 0.0005419999999999999 -7.555548623353021e-06
 0.000543 -7.401160173665496e-06
 0.000544 -7.24437510660036e-06
 0.000545 -7.100619568360066e-06
 0.000546 -6.983130495846486e-06
 0.000547 -6.896541404907724e-06
 0.000548 -6.835598349810446e-06
 0.000549 -6.786008374711208e-06
 0.00055 -6.726664460467484e-06
 0.0005509999999999999 -6.638844002533222e-06
 0.000552 -6.523364799481898e-06
 0.000553 -6.405729902839492e-06
 0.000554 -6.316952333700797e-06
 0.000555 -6.271683172748532e-06
 0.000556 -6.267740814595663e-06
 0.000557 -6.298934824538222e-06
 0.000558 -6.361006686047512e-06
 0.000559 -6.449027360746702e-06
 0.00056 -6.5516283612541e-06
 0.000561 -6.646387759831709e-06
 0.000562 -6.705852924774824e-06
 0.000563 -6.711093435135388e-06
 0.000564 -6.656624951676564e-06
 0.000565 -6.545193357802199e-06
 0.000566 -6.384279562046404e-06
 0.000567 -6.188907114681021e-06
 0.000568 -5.984919905722256e-06
 0.000569 -5.805423458560708e-06
 0.00057 -5.679393664693989e-06
 0.000571 -5.623017354203862e-06
 0.000572 -5.643393990951135e-06
 0.0005730000000000001 -5.741490619013107e-06
 0.000574 -5.90256150082335e-06
 0.000575 -6.090509950824603e-06
 0.000576 -6.257713179241319e-06
 0.000577 -6.362234524531959e-06
 0.000578 -6.384872439582599e-06
 0.000579 -6.336826766668083e-06
 0.00058 -6.251338362630117e-06
 0.000581 -6.164950437530311e-06
 0.0005820000000000001 -6.098106507747237e-06
 0.000583 -6.045704895021995e-06
 0.000584 -5.984108609859595e-06
 0.000585 -5.890196730651533e-06
 0.000586 -5.761838215595556e-06
 0.000587 -5.620580589089382e-06
 0.000588 -5.48646698211814e-06
 0.000589 -5.356456792492943e-06
 0.00059 -5.218904946651633e-06
 0.0005910000000000001 -5.080904230076599e-06
 0.000592 -4.972649627314306e-06
 0.000593 -4.930393697410441e-06
 0.000594 -4.974256762204888e-06
 0.000595 -5.097097220149149e-06
 0.000596 -5.275026752432642e-06
 0.000597 -5.484662265727578e-06
 0.000598 -5.705659690954235e-06
 0.000599 -5.913449592480343e-06
 0.0005999999999999999 -6.082195277983933e-06
 0.000601 -6.199099526692591e-06
 0.000602 -6.269966496276819e-06
 0.000603 -6.306241436953064e-06
 0.000604 -6.30829838049697e-06
 0.000605 -6.264617275686537e-06
 0.000606 -6.166404194222326e-06
 0.000607 -6.01931651419381e-06
 0.000608 -5.841806039115405e-06
 0.0006089999999999999 -5.656598172573887e-06
 0.00061 -5.484173484434877e-06
 0.000611 -5.33815892948984e-06
 0.000612 -5.22091313700542e-06
 0.000613 -5.125446822878144e-06
 0.000614 -5.047673671870207e-06
 0.000615 -4.998340782869691e-06
 0.000616 -4.997172230689071e-06
 0.000617 -5.049579533661047e-06
 0.000618 -5.131901658580309e-06
 0.000619 -5.202851895209616e-06
 0.00062 -5.227490081984432e-06
 0.000621 -5.192951059937418e-06
 0.000622 -5.108349333232856e-06
 0.000623 -4.993193714464202e-06
 0.000624 -4.869587546595475e-06
 0.000625 -4.765120320665096e-06
 0.000626 -4.707555335829583e-06
 0.000627 -4.705815283014415e-06
 0.000628 -4.744981103954296e-06
 0.000629 -4.800703366701855e-06
 0.00063 -4.850070169022716e-06
 0.0006310000000000001 -4.875794524799701e-06
 0.000632 -4.870006998953839e-06
 0.000633 -4.833668836993452e-06
 0.000634 -4.775641704741771e-06
 0.000635 -4.71419912929084e-06
 0.000636 -4.668601853907912e-06
 0.000637 -4.644892807755778e-06
 0.000638 -4.638316595773612e-06
 0.000639 -4.649580164524952e-06
 0.0006400000000000001 -4.688565301281475e-06
 0.000641 -4.757778733336859e-06
 0.000642 -4.839907975025924e-06
 0.000643 -4.908903985916332e-06
 0.000644 -4.948799195898667e-06
 0.000645 -4.957758687232026e-06
 0.000646 -4.940740235933495e-06
 0.000647 -4.904692937157508e-06
 0.000648 -4.856687003387972e-06
 0.0006489999999999999 -4.800803879509141e-06
 0.00065 -4.737852404067605e-06
 0.000651 -4.669780132066828e-06
 0.000652 -4.604796885218619e-06
 0.000653 -4.557728873394005e-06
 0.000654 -4.539447830642305e-06
 0.000655 -4.542912979861807e-06
 0.000656 -4.545176622436651e-06
 0.000657 -4.526979664816195e-06
 0.0006579999999999999 -4.488871195929597e-06
 0.000659 -4.445178439742515e-06
 0.00066 -4.402547011492956e-06
 0.000661 -4.350968661143604e-06
 0.000662 -4.277711751802058e-06
 0.000663 -4.179769290015101e-06
 0.000664 -4.059599105255689e-06
 0.000665 -3.922318818892568e-06
 0.000666 -3.781400409711723e-06
 0.0006669999999999999 -3.655178018055852e-06
 0.000668 -3.556971430322155e-06
 0.000669 -3.496573904708296e-06
 0.00067 -3.483776109430306e-06
 0.000671 -3.519405054117789e-06
 0.000672 -3.587228200100317e-06
 0.000673 -3.662889133854536e-06
 0.000674 -3.731109118298762e-06
 0.000675 -3.790998968576406e-06
 0.000676 -3.847619486379144e-06
 0.000677 -3.905851931363741e-06
 0.000678 -3.970969571928645e-06
 0.000679 -4.046795717532461e-06
 0.00068 -4.131744282593718e-06
 0.000681 -4.22000571224963e-06
 0.000682 -4.306240775022606e-06
 0.000683 -4.386943082491624e-06
 0.000684 -4.459655363721695e-06
 0.000685 -4.523864658162975e-06
 0.000686 -4.581258224912158e-06
 0.000687 -4.635748427463444e-06
 0.000688 -4.693988998251454e-06
 0.0006890000000000001 -4.760881064873549e-06
 0.00069 -4.832507535007222e-06
 0.000691 -4.897400223052679e-06
 0.000692 -4.945774647086494e-06
 0.000693 -4.975311881981243e-06
 0.000694 -4.988046028597615e-06
 0.000695 -4.983769737620265e-06
 0.000696 -4.958252065456748e-06
 0.000697 -4.90825812812949e-06
 0.0006980000000000001 -4.836447496854356e-06
 0.000699 -4.749539726650097e-06
 0.0007 -4.654764709295887e-06
 0.000701 -4.562095405709229e-06
 0.000702 -4.486693806716416e-06
 0.000703 -4.443623312589024e-06
 0.000704 -4.438948486857955e-06
 0.000705 -4.466115316626991e-06
 0.000706 -4.51078111804273e-06
 0.0007069999999999999 -4.558578214665728e-06
 0.000708 -4.597891775642098e-06
 0.000709 -4.620227845300157e-06
 0.00071 -4.625342509034774e-06
 0.000711 -4.624979288084459e-06
 0.000712 -4.63662513171959e-06
 0.000713 -4.674650926803005e-06
 0.000714 -4.747781635873518e-06
 0.000715 -4.858874676347938e-06
 0.0007159999999999999 -5.002284643505523e-06
 0.000717 -5.163393280774429e-06
 0.000718 -5.325224325570786e-06
 0.000719 -5.477715547063836e-06
 0.00072 -5.621225455561583e-06
 0.000721 -5.762815522397198e-06
 0.000722 -5.910741965582726e-06
 0.000723 -6.071029573341651e-06
 0.000724 -6.24569558084432e-06
 0.000725 -6.43220425323329e-06
 0.000726 -6.625656650779004e-06
 0.000727 -6.821852688279494e-06
 0.000728 -7.015416950401509e-06
 0.000729 -7.194485007016878e-06
 0.00073 -7.340124302974617e-06
 0.000731 -7.432219142876369e-06
 0.000732 -7.457309535921963e-06
 0.000733 -7.412834645198327e-06
 0.000734 -7.304770644525988e-06
 0.000735 -7.142619446592662e-06
 0.000736 -6.935974307394584e-06
 0.000737 -6.692423709588975e-06
 0.000738 -6.417723807979475e-06
 0.000739 -6.1182127522345e-06
 0.00074 -5.801565086049572e-06
 0.000741 -5.474952717470924e-06
 0.000742 -5.143809564168184e-06
 0.000743 -4.812395369758149e-06
 0.000744 -4.484547385535897e-06
 0.000745 -4.163251399041654e-06
 0.000746 -3.84986952238469e-06
 0.0007470000000000001 -3.544934835527889e-06
 0.000748 -3.249690162377799e-06
 0.000749 -2.966057237711811e-06
 0.00075 -2.69563585412528e-06
 0.000751 -2.439386422946246e-06
 0.000752 -2.197789713123093e-06
 0.000753 -1.971040956580412e-06
 0.000754 -1.759354809181294e-06
 0.000755 -1.563093123517084e-06
 0.0007560000000000001 -1.382591958202313e-06
 0.000757 -1.218036637284797e-06
 0.000758 -1.069459841854469e-06
 0.000759 -9.366963082171263e-07
 0.00076 -8.192901592670699e-07
 0.000761 -7.164374775188743e-07
 0.000762 -6.270422818259363e-07
 0.000763 -5.498610048985761e-07
 0.000764 -4.836219553426625e-07
 0.0007649999999999999 -4.270855621231637e-07
 0.000766 -3.790772225870278e-07
 0.000767 -3.385076568025203e-07
 0.000768 -3.043824689945304e-07
 0.000769 -2.758041306541156e-07
 0.00077 -2.519697167445857e-07
 0.000771 -2.321664444684071e-07
 0.000772 -2.157661481331723e-07
 0.000773 -2.022192753909106e-07
 0.0007739999999999999 -1.91048683954475e-07
 0.000775 -1.818433670618093e-07
 0.000776 -1.742521830633605e-07
 0.000777 -1.679776558961476e-07
 0.000778 -1.62769922187858e-07
 0.000779 -1.584209069730194e-07
 0.00078 -1.547588092981892e-07
 0.000781 -1.516429686938092e-07
 0.000782 -1.489591669673314e-07
 0.000783 -1.466153995008619e-07
 0.000784 -1.445381299233702e-07
 0.000785 -1.426690230452543e-07
 0.000786 -1.409621359820864e-07
 0.000787 -1.393815356167966e-07
 0.000788 -1.378993033370395e-07
 0.000789 -1.364938838312753e-07
 0.00079 -1.351487338379723e-07
 0.000791 -1.338512278480452e-07
 0.000792 -1.325917805899562e-07
 0.000793 -1.313631497722757e-07
 0.000794 -1.301598869071915e-07
 0.000795 -1.289779082241801e-07
 0.000796 -1.278141620658994e-07
 0.000797 -1.266663728661844e-07
 0.000798 -1.255328455114225e-07
 0.000799 -1.244123167589498e-07
 0.0008 -1.233038431401361e-07
 0.000801 -1.22206716844638e-07
 0.000802 -1.211204029933421e-07
 0.000803 -1.200444930975826e-07
 0.000804 -1.189786706920906e-07
 0.0008050000000000001 -1.179226860963588e-07
 0.000806 -1.168763379720185e-07
 0.000807 -1.15839459881036e-07
 0.000808 -1.148119105534084e-07
 0.000809 -1.137935668600356e-07
 0.00081 -1.127843187655388e-07
 0.000811 -1.117840657019601e-07
 0.000812 -1.107927139882063e-07
 0.000813 -1.098101749902269e-07
 0.0008140000000000001 -1.088363638159863e-07
 0.000815 -1.078711983999555e-07
 0.000816 -1.069145988398156e-07
 0.000817 -1.059664869481544e-07
 0.000818 -1.050267859273444e-07
 0.000819 -1.040954201405608e-07
 0.00082 -1.031723149508881e-07
 0.000821 -1.02257396616102e-07
 0.000822 -1.013505922030255e-07
 0.0008229999999999999 -1.004518295300238e-07
 0.000824 -9.956103713501527e-08
 0.000825 -9.86781442330885e-08
 0.000826 -9.780308070589106e-08
 0.000827 -9.693577707463135e-08
 0.000828 -9.607616449784428e-08
 0.000829 -9.52241747546263e-08
 0.00083 -9.437974023663183e-08
 0.000831 -9.354279392727255e-08
 0.0008319999999999999 -9.271326943306457e-08
 0.000833 -9.189110092216598e-08
 0.000834 -9.107622317192266e-08
 0.000835 -9.026857152454145e-08
 0.000836 -8.946808190177583e-08
 0.000837 -8.867469079147136e-08
 0.000838 -8.788833525172571e-08
 0.000839 -8.710895288708149e-08
 0.00084 -8.633648186683076e-08
 0.000841 -8.557086090232579e-08
 0.000842 -8.481202925104018e-08
 0.000843 -8.405992670545205e-08
 0.000844 -8.331449359737665e-08
 0.000845 -8.257567078665393e-08
 0.000846 -8.184339965308308e-08
 0.000847 -8.111762209940374e-08
 0.000848 -8.039828054437076e-08
 0.000849 -7.968531791653274e-08
 0.00085 -7.897867765005614e-08
 0.000851 -7.827830367775181e-08
 0.000852 -7.758414043779791e-08
 0.000853 -7.689613285297202e-08
 0.000854 -7.621422633739207e-08
 0.000855 -7.553836679150487e-08
 0.000856 -7.486850059367375e-08
 0.000857 -7.420457459056422e-08
 0.000858 -7.354653611577973e-08
 0.000859 -7.289433295490687e-08
 0.00086 -7.224791336651635e-08
 0.000861 -7.160722606244478e-08
 0.000862 -7.097222021351386e-08
 0.0008630000000000001 -7.034284543767757e-08
 0.000864 -6.971905179896484e-08
 0.000865 -6.910078980705461e-08
 0.000866 -6.848801040839659e-08
 0.000867 -6.788066498898029e-08
 0.000868 -6.727870536059783e-08
 0.000869 -6.668208376351114e-08
 0.00087 -6.609075286151158e-08
 0.000871 -6.550466574338037e-08
 0.0008720000000000001 -6.49237759024967e-08
 0.000873 -6.434803725607613e-08
 0.000874 -6.377740412473014e-08
 0.000875 -6.321183123364878e-08
 0.000876 -6.265127371201261e-08
 0.000877 -6.209568708430079e-08
 0.000878 -6.154502726965136e-08
 0.000879 -6.09992505823588e-08
 0.00088 -6.045831371693633e-08
 0.0008809999999999999 -5.992217375762849e-08
 0.000882 -5.939078816735084e-08
 0.000883 -5.886411478727956e-08
 0.000884 -5.834211182387511e-08
 0.000885 -5.782473787499651e-08
 0.000886 -5.731195187907506e-08
 0.000887 -5.680371316111324e-08
 0.000888 -5.629998139057614e-08
 0.000889 -5.580071660710505e-08
 0.0008899999999999999 -5.530587919745989e-08
 0.000891 -5.481542989947412e-08
 0.000892 -5.432932980463966e-08
 0.000893 -5.384754034497544e-08
 0.000894 -5.337002328761841e-08
 0.000895 -5.289674075278238e-08
 0.000896 -5.242765519748908e-08
 0.000897 -5.196272939246847e-08
 0.000898 -5.150192645857411e-08
 0.000899 -5.104520983017394e-08
 0.0009 -5.059254327154523e-08
 0.000901 -5.014389087265633e-08
 0.000902 -4.969921703134995e-08
 0.000903 -4.925848647135372e-08
 0.000904 -4.882166422547971e-08
 0.000905 -4.838871563405246e-08
 0.000906 -4.795960634748302e-08
 0.000907 -4.753430232160844e-08
 0.000908 -4.711276981122463e-08
 0.000909 -4.66949753717968e-08
 0.00091 -4.628088585559866e-08
 0.000911 -4.58704684093213e-08
 0.0009120000000000001 -4.546369046933586e-08
 0.000913 -4.506051976131666e-08
 0.000914 -4.466092430032361e-08
 0.000915 -4.426487237764161e-08
 0.000916 -4.387233257208486e-08
 0.000917 -4.348327374139543e-08
 0.000918 -4.309766501896686e-08
 0.000919 -4.271547580382433e-08
 0.00092 -4.233667577738145e-08
 0.0009210000000000001 -4.196123488516805e-08
 0.000922 -4.158912333944737e-08
 0.000923 -4.12203116162822e-08
 0.000924 -4.085477045207749e-08
 0.000925 -4.049247084722514e-08
 0.000926 -4.013338405851071e-08
 0.000927 -3.977748158998216e-08
 0.000928 -3.942473520758703e-08
 0.000929 -3.90751169238761e-08
 0.0009300000000000001 -3.872859900260454e-08
 0.000931 -3.838515394176182e-08
 0.000932 -3.804475450201896e-08
 0.000933 -3.770737367157333e-08
 0.000934 -3.737298468046923e-08
 0.000935 -3.704156100105029e-08
 0.000936 -3.671307633661149e-08
 0.000937 -3.63875046267372e-08
 0.000938 -3.606482003724561e-08
 0.0009389999999999999 -3.574499696830557e-08
 0.00094 -3.542801004233901e-08
 0.000941 -3.511383411186622e-08
 0.000942 -3.480244424861039e-08
 0.000943 -3.449381574654776e-08
 0.000944 -3.418792411996898e-08
 0.000945 -3.388474509740448e-08
 0.000946 -3.358425462389921e-08
 0.000947 -3.328642886018546e-08
 0.0009479999999999999 -3.299124417650486e-08
 0.000949 -3.269867714865344e-08
 0.00095 -3.240870456795945e-08
 0.000951 -3.212130342512753e-08
 0.000952 -3.183645092065602e-08
 0.000953 -3.155412444937899e-08
 0.000954 -3.127430161628606e-08
 0.000955 -3.099696021372331e-08
 0.000956 -3.072207824595011e-08
 0.000957 -3.044963389026169e-08
 0.000958 -3.0179605543182e-08
 0.000959 -2.991197177690746e-08
 0.00096 -2.964671135321394e-08
 0.000961 -2.938380322754101e-08
 0.000962 -2.912322654144383e-08
 0.000963 -2.886496062083546e-08
 0.000964 -2.860898497285906e-08
 0.000965 -2.835527928702528e-08
 0.000966 -2.810382343715092e-08
 0.000967 -2.78545974703213e-08
 0.000968 -2.760758161222164e-08
 0.000969 -2.736275626433891e-08
 0.0009700000000000001 -2.712010200158366e-08
 0.000971 -2.687959957179888e-08
 0.000972 -2.66412298948876e-08
 0.000973 -2.64049740562148e-08
 0.000974 -2.617081330936043e-08
 0.000975 -2.593872907809681e-08
 0.000976 -2.570870294922842e-08
 0.000977 -2.548071666879199e-08
 0.0009779999999999999 -2.525475215022494e-08
 0.0009790000000000001 -2.503079146278482e-08
 0.00098 -2.480881683992455e-08
 0.0009810000000000001 -2.458881066631599e-08
 0.000982 -2.437075548917201e-08
 0.0009829999999999999 -2.415463400935426e-08
 0.0009840000000000001 -2.394042907155043e-08
 0.000985 -2.372812368898625e-08
 0.0009859999999999999 -2.351770101157905e-08
 0.000987 -2.330914434620369e-08
 0.0009879999999999999 -2.310243714283727e-08
 0.0009890000000000001 -2.289756300562267e-08
 0.00099 -2.26945056744638e-08
 0.0009909999999999999 -2.249324904187938e-08
 0.000992 -2.229377713707974e-08
 0.000993 -2.209607413527257e-08
 0.0009940000000000001 -2.190012434918436e-08
 0.000995 -2.170591223278267e-08
 0.0009959999999999999 -2.151342237383154e-08
 0.0009970000000000001 -2.132263950340404e-08
 0.000998 -2.11335484824406e-08
 0.0009990000000000001 -2.094613430878003e-08
 0.001 -2.076038211178288e-08
 0.001001 -2.057627715522653e-08
 0.001002 -2.039380482861982e-08
 0.001003 -2.021295065671563e-08
 0.001004 -2.003370028999828e-08
 0.001005 -1.985603950426995e-08
 0.001006 -1.967995420478659e-08
 0.001007 -1.950543042294921e-08
 0.001008 -1.933245430265536e-08
 0.001009 -1.916101213255921e-08
 0.00101 -1.899109029892224e-08
 0.001011 -1.882267532697226e-08
 0.001012 -1.865575385029777e-08
 0.001013 -1.849031262408278e-08
 0.001014 -1.832633852179817e-08
 0.001015 -1.816381853685597e-08
 0.001016 -1.800273977351045e-08
 0.001017 -1.784308944685804e-08
 0.001018 -1.768485489441794e-08
 0.001019 -1.752802356289718e-08
 0.00102 -1.737258300488188e-08
 0.001021 -1.721852088876348e-08
 0.001022 -1.706582498715816e-08
 0.001023 -1.691448319014176e-08


